47.6398
47.7495
47.8997
47.7234
47.6637
47.7301
47.5089
47.6814
47.7676
47.6268
47.5589
47.6777
47.7662
47.6217
47.7906
47.6396
47.7973
47.603
47.7346
47.7889
47.5091
47.6229
47.6124
47.6521
47.5212
47.6836
47.5981
47.5664
47.5636
47.6564
47.724
47.6603
47.7274
48.0357
47.5764
47.5514
47.5126
47.7724
47.7622
47.4669
47.7174
47.7616
47.773
47.7288
47.9986
47.6398
47.8858
47.6849
47.5096
47.7053
47.8755
48.013
47.7752
47.6031
47.4018
47.567
47.7814
47.4209
47.8258
47.7497
47.7313
47.7723
47.5922
47.727
47.76
47.7657
47.7251
47.4007
47.5954
47.6513
47.5505
47.6114
47.6938
47.6797
47.7362
47.8254
47.423
47.8536
47.6826
47.4686
47.504
47.7704
47.5953
47.6686
47.6362
47.7913
47.6262
47.7387
47.793
47.7771
47.6763
47.8306
47.6825
47.5739
47.5646
47.6328
47.6397
47.6195
47.7824
47.413
47.5515
47.8343
47.9236
47.7662
47.7727
47.7325
47.5895
47.7355
47.7218
47.7211
47.6928
47.6294
47.4702
47.6772
47.6032
47.6247
47.5923
47.7642
47.7995
47.7226
47.7031
47.7748
47.7435
47.6736
47.564
47.685
47.6427
47.7049
47.5713
47.4725
47.7576
47.5483
47.7573
47.7199
47.7447
47.7244
47.6939
47.4726
47.7828
47.6358
47.717
47.5943
47.5561
47.5865
47.6962
47.7471
47.6194
47.7919
47.618
47.7282
47.8482
47.5615
47.5805
47.4124
47.6183
47.7336
47.7307
47.8164
47.6527
47.4426
47.5938
47.762
47.8396
47.5976
47.7419
47.5385
47.7291
47.6955
47.6755
47.765
47.7285
47.6741
47.6964
47.9287
47.7039
47.6387
47.7343
47.6645
47.7247
47.6851
47.6957
47.7074
47.742
47.7972
47.5563
47.4165
47.8134
47.7495
47.693
47.6051
47.3525
47.8271
47.8691
47.5552
47.6261
47.5685
47.5439
47.6808
47.7309
47.5238
47.5816
47.8379
47.906
47.9908
47.776
47.8213
47.8684
47.8788
47.8556
47.8323
48.0568
47.965
47.6978
47.7846
47.7194
47.9057
47.9954
47.8085
47.7374
48.0919
47.8481
47.8523
47.9317
48.1278
47.8903
47.8957
47.8077
47.866
47.7223
47.7909
48.1284
47.8932
47.949
47.8435
47.8097
47.8543
47.5786
47.8863
47.9346
47.9172
47.8495
47.6915
47.8897
48.121
47.9032
47.935
47.9353
47.7694
48.0217
47.7222
48.0793
47.8137
47.8626
47.9627
47.9066
48.0171
47.9517
47.9446
47.7201
47.9039
47.9552
47.8542
47.9878
47.8238
47.9191
47.7935
47.8138
47.7729
47.8453
47.9588
47.7483
47.8575
47.8231
47.5518
47.7726
47.7694
47.8242
47.8765
47.8528
47.7774
47.6434
47.8478
47.7933
47.9096
48.0257
47.7869
47.8454
47.8334
47.6606
47.8631
47.8507
47.7838
47.8379
47.7579
47.9215
47.7689
47.7138
47.7207
47.7476
47.8572
47.9103
47.9112
48.0482
47.886
47.8855
48.0999
47.8702
48.0018
48.0688
47.8204
47.9444
47.7517
47.8592
47.7494
47.859
47.8911
47.6695
47.8253
47.8743
47.7981
47.8391
47.7996
47.942
47.8517
47.8651
48.154
47.8526
47.9387
47.6985
47.978
47.8191
48.0955
47.8507
47.9085
48.0597
47.8938
47.9499
47.9454
47.9907
47.7757
47.7512
47.9617
47.6315
47.9186
47.8844
47.8229
48.0122
47.685
47.8873
48.0346
47.8441
47.9419
47.9996
47.8548
47.9447
47.9771
47.9869
47.6797
47.897
47.9906
47.4871
47.8396
47.9483
47.9483
47.7517
48.0311
47.8294
47.8712
47.7962
47.8514
47.8069
47.8231
47.8828
47.9214
47.7953
48.045
47.7287
47.9072
47.8075
47.9136
47.9647
47.76
47.9009
47.9913
47.9407
47.8314
47.8024
47.9121
48.1745
47.855
47.8371
47.8445
47.9977
47.8033
47.9728
47.8871
47.8188
47.8017
47.8036
47.9041
47.9369
47.9801
48.2066
48.128
48.2836
48.298
48.1781
48.1454
48.4475
48.0764
48.0751
48.0209
48.2165
48.2263
48.0623
48.2947
48.155
48.0944
48.1898
48.1978
48.0755
48.27
48.3296
48.0635
48.0702
48.1868
48.2695
48.2686
48.216
47.9701
47.9793
48.0854
48.3409
48.1591
48.0634
48.1015
48.2234
48.067
48.1907
48.3224
48.107
48.0983
48.2449
48.1185
48.2184
48.0654
48.1139
48.1814
48.2975
48.0137
47.954
48.2065
48.1964
48.0674
48.05
48.1206
48.2508
48.2896
48.0828
48.1521
48.1923
48.0722
48.5085
48.2096
48.2714
48.1782
48.3657
48.1521
48.238
48.1355
48.05
47.9267
48.2184
48.0461
47.9909
48.3409
48.1353
48.3472
48.1958
48.1666
48.1801
48.2322
47.8945
48.1138
48.1288
48.0946
48.3913
48.1166
48.1315
48.1086
48.2153
48.1946
48.2703
48.1579
48.256
48.1639
48.2181
48.1809
47.9008
48.1267
48.1513
48.3559
48.1869
48.2127
48.0593
48.1473
48.1642
48.2414
48.4919
48.013
47.9228
48.326
48.1713
48.2101
48.2509
48.2766
48.1555
48.111
48.1064
48.1385
47.9904
47.9845
48.1346
48.1936
48.307
47.8887
48.2625
48.0982
48.0675
48.1445
48.2641
48.2266
48.2401
48.362
48.0338
48.1989
48.2546
48.0609
48.1939
48.1472
48.2549
48.3956
48.3532
48.2801
48.1994
48.1442
48.2086
48.2321
48.2256
48.149
48.2769
48.3107
48.1753
48.0417
48.2082
48.2166
48.0817
48.1254
48.121
48.2034
48.1961
48.1946
48.1626
48.0472
48.1555
48.206
48.1621
48.1304
48.2922
48.1554
48.1724
48.063
48.2795
48.1986
47.8345
48.135
48.4914
48.3062
48.2003
48.0749
48.2348
47.9832
47.8648
48.2236
47.9793
48.0441
48.2916
48.0955
48.2387
48.0297
48.3623
48.0843
47.9502
48.129
48.205
48.0709
47.9723
48.0441
48.3427
48.009
47.9446
47.8155
48.1874
47.8956
47.8548
48.0066
48.0569
48.1721
48.3096
48.0933
48.0848
47.9243
48.0141
48.1003
48.1787
47.8031
48.1758
48.0432
47.9583
47.8415
48.042
48.1581
47.9238
47.9319
48.1455
48.0016
47.9558
48.0465
47.9963
48.1984
48.2368
48.0954
47.9922
48.2599
48.1769
47.9672
48.0307
48.0514
48.0848
48.0382
47.9873
48.1342
47.9736
47.8076
47.9571
48.2329
48.0627
48.3674
48.0402
48.2697
48.297
48.0588
48.0365
48.0524
48.179
48.0491
47.9912
47.8773
47.9502
48.0108
48.1267
47.8254
48.1497
48.2883
48.1817
47.907
47.9191
47.9643
48.1201
47.9781
47.965
47.956
48.0191
47.9489
48.1935
48.1544
48.0582
48.0797
47.8922
48.1049
48.1121
48.0663
48.3667
48.1852
48.0342
48.145
48.0359
47.9531
48.0929
48.0418
47.9741
47.976
48.0174
48.0441
48.1557
47.8654
47.9965
48.0199
48.11
48.0023
48.0446
48.0518
48.091
47.9809
47.9574
48.2175
47.9195
48.1834
48.0456
48.0593
48.2016
48.1267
48.1208
48.1099
48.0013
48.1512
48.3523
48.2449
48.0439
48.1776
47.9469
48.1134
48.1204
48.0732
48.2654
48.1579
47.9466
48.2078
48.0273
48.1668
48.1516
47.9131
48.2291
48.1632
48.0236
48.1281
48.119
47.9869
48.2257
48.0752
47.9051
48.2632
47.9988
47.9859
47.9261
48.2466
48.0812
47.9874
47.9718
48.0505
48.2951
47.9974
48.2392
47.9474
47.9846
48.262
48.0186
47.9066
47.9383
48.15
48.0797
48.3369
48.0396
47.8249
48.1891
48.0516
47.9301
47.9849
48.1185
48.0054
47.9495
48.0479
47.9741
48.1399
48.0141
48.049
48.0646
48.2081
48.1786
47.9683
48.1837
47.832
47.913
47.935
47.9393
48.0123
47.9546
48.1219
48.1261
48.0236
47.9236
47.9689
48.0116
47.8359
47.96
48.2328
48.2337
48.1427
47.8163
48.0777
48.1712
48.4371
48.6214
48.3618
48.4768
48.3032
48.0924
48.4737
48.2872
48.4913
48.3763
48.3825
48.2962
48.5637
48.2794
48.5324
48.5332
48.4306
48.374
48.2006
48.4332
48.4798
48.4603
48.4093
48.446
48.4105
48.335
48.4434
48.4975
48.3638
48.4706
48.3516
48.2263
48.3551
48.5382
48.4183
48.4814
48.5042
48.314
48.4723
48.3352
48.3322
48.3217
48.4425
48.1066
48.2216
48.2733
48.3823
48.5813
48.244
48.3278
48.257
48.4343
48.6144
48.0989
48.5735
48.6025
48.3362
48.3106
48.6523
48.4562
48.2875
48.6412
48.556
48.2063
48.5163
48.3907
48.5167
48.4997
48.3806
48.5063
48.4027
48.3164
48.5125
48.4155
48.4285
48.3633
48.2855
48.3239
48.2774
48.3658
48.3991
48.3122
48.3768
48.3813
48.3923
48.3294
48.5918
48.5098
48.2498
48.4842
48.3633
48.3619
48.4807
48.4983
48.426
48.398
48.2306
48.4503
48.441
48.3835
48.2825
48.3223
48.4715
48.4671
48.3217
48.522
48.2035
48.3076
48.4871
48.5081
48.4449
48.3159
48.3134
48.4409
48.4832
48.3304
48.5627
48.3182
48.1592
48.4098
48.3735
48.5829
48.5906
48.5895
48.5015
48.4396
48.36
48.5097
48.4123
48.3093
48.4007
48.557
48.5144
48.2191
48.5391
48.5423
48.2736
48.5016
48.3234
48.618
48.4059
48.4223
48.4614
48.3372
48.297
48.4351
48.6496
48.415
48.3325
48.4524
48.394
48.3668
48.612
48.495
48.5061
48.3408
48.4303
48.3659
48.2269
48.2138
48.4267
48.7323
48.657
48.3628
48.5324
48.4558
48.4148
48.5229
48.4929
48.1966
48.3021
48.3391
48.4908
48.3082
48.171
48.3003
48.3041
48.4304
48.3871
48.5
48.4989
48.3488
48.4237
48.296
48.4102
48.5009
48.4061
48.3591
48.3223
48.354
48.4467
48.3104
48.4495
48.5277
48.319
48.3384
48.6045
48.1979
48.3709
49.4792
49.2283
49.6157
49.7426
49.3331
49.4205
49.1579
49.4457
49.396
49.3853
49.3467
49.2242
49.0277
49.2546
49.4857
49.3955
49.2077
49.3247
49.5554
49.5794
49.0136
49.4077
49.5058
49.2252
49.4899
49.3446
49.6418
49.4396
49.3196
49.4329
49.6245
49.4302
49.3208
49.3578
49.0723
49.3512
49.3681
49.4256
49.5419
49.6515
49.3152
49.486
49.3677
49.455
48.9613
49.3205
49.3098
49.4721
49.3073
49.5126
49.2783
49.4715
49.3711
49.4449
49.2341
49.5113
49.326
49.2064
49.3821
49.4648
49.3156
49.3656
49.311
49.0977
49.2719
49.4386
49.4607
49.439
49.2251
49.1716
49.3977
49.3999
49.3427
49.4698
49.3939
49.3539
49.5265
49.2931
49.4251
49.4174
49.2215
49.3363
49.5696
49.5886
49.2241
49.4228
49.1372
49.3379
49.0419
49.2209
49.3122
49.4277
49.0665
49.3376
49.1536
49.3832
49.3364
49.3098
48.9849
49.4304
49.5027
49.3078
49.3121
49.2974
49.2033
49.2619
49.1249
49.6377
49.2776
49.2817
49.1983
49.4728
49.2699
49.3827
49.5026
49.4931
49.5047
49.3817
49.4964
49.1891
49.4062
49.3518
49.3375
49.1904
49.3894
49.3248
49.3525
49.5794
49.2696
49.1098
49.5545
49.4256
49.3607
49.5628
49.2535
49.4472
49.3918
49.3981
49.5442
49.5799
49.1228
49.3277
49.1098
49.6829
48.9502
48.8547
49.5637
49.425
49.286
49.3205
49.4465
49.4833
49.1699
49.3971
49.2657
49.3033
49.5767
49.2831
49.3401
49.3604
49.1763
49.3769
49.2885
49.4669
49.1635
49.4068
49.5231
49.3264
49.5264
49.3886
49.3187
49.5336
49.1758
49.1702
49.3639
49.0871
49.4508
49.345
49.5778
49.3072
49.4455
49.0734
49.404
49.5349
49.4234
49.3357
49.4583
49.1237
49.2068
49.5234
49.6027
49.1848
49.3134
49.2376
49.2363
49.4379
49.2325
49.3553
49.4616
49.518
48.3771
48.2916
48.0876
48.1386
48.2189
48.2075
48.1657
48.1151
48.1429
48.4463
48.5061
48.4938
48.3753
48.3752
48.1771
48.2831
48.2231
48.137
48.3494
48.0917
48.3043
48.0019
48.1288
48.3472
48.3423
48.3962
48.3092
48.2131
48.2799
48.3207
48.3621
48.1148
48.2684
48.4187
48.3415
48.3497
48.2076
48.4027
47.9863
48.259
48.4738
48.3903
48.3623
48.0906
48.2788
48.38
48.1078
48.2546
48.2388
48.3215
48.1707
48.1918
48.053
48.3344
48.3808
48.3548
48.3566
48.3654
48.2988
48.5246
48.1652
48.2006
48.5059
48.0922
48.3937
48.325
48.4353
48.3055
48.3385
48.0816
48.2979
48.1148
48.1083
47.9872
48.1089
48.3755
48.3831
48.494
48.3356
48.5006
48.5113
48.3594
48.2862
48.2892
48.2471
48.2349
48.1386
48.3816
48.395
48.3504
48.3515
48.2464
48.3258
48.1845
48.2338
47.9862
48.1428
48.3855
48.3802
48.1097
48.2978
48.2329
48.1552
48.5124
48.3975
48.2159
48.3058
48.3489
48.2285
48.3133
48.2137
48.2787
48.3431
48.3644
48.3082
48.2253
48.3119
48.3137
48.3075
48.3051
48.3525
48.4811
48.3419
48.2848
48.1651
48.1138
48.2107
48.1452
48.3981
48.438
48.2564
48.2252
48.4523
48.2506
48.2812
48.4052
48.4283
48.1686
48.3364
48.3032
48.0522
48.1607
48.2792
48.2461
48.2554
48.3326
48.2486
48.4798
48.4632
48.4313
48.3941
48.3114
48.3983
48.4784
48.2338
48.2264
48.2581
48.4342
48.4011
48.4285
48.1795
48.3976
48.5448
48.2697
48.363
48.3634
48.2555
48.1311
48.0973
48.2466
48.3547
47.9972
48.3137
48.4581
48.4207
48.2986
48.212
48.1314
48.2639
48.2758
48.3781
48.1887
48.2144
48.4625
48.2604
48.402
48.2064
48.2095
48.2025
48.3901
48.174
48.2371
48.2297
48.2057
48.4682
48.5689
48.3186
48.241
48.1896
48.2069
49.361
49.755
49.396
49.337
49.4438
49.4739
49.2702
49.4692
49.234
49.664
49.4094
49.361
49.2018
49.6356
49.4858
49.333
49.3899
49.1861
49.2635
49.3031
49.4551
49.6075
49.4452
49.3025
49.5379
49.3844
49.1817
49.3079
49.4507
48.9276
49.3746
49.392
49.5825
49.4984
49.4093
49.3427
49.425
49.3696
49.3738
49.5051
49.2834
49.2454
49.6582
49.5017
49.3876
49.2164
49.4127
49.444
49.3986
49.3032
49.2522
49.5288
49.2826
49.3873
49.8778
49.2586
49.5268
49.2275
49.4368
49.382
49.5111
49.4341
49.3236
49.2795
49.2999
49.6482
49.3794
49.3421
49.5478
49.4118
49.132
49.4132
49.2998
49.4941
49.3659
49.4866
49.831
49.3036
49.2617
49.4933
49.3682
49.2075
49.4084
49.2268
49.1961
49.5133
49.2612
49.3242
49.1862
49.4407
49.3527
49.5512
49.6283
49.2881
49.4572
49.3562
49.4591
49.2113
49.5023
49.3888
49.2811
49.292
49.3559
49.1408
49.4042
49.5722
49.2984
49.4455
49.2046
49.2739
49.5499
49.2233
49.307
49.5499
49.3534
49.59
49.19
49.5283
49.3858
49.2185
49.5
49.3912
49.5672
49.3927
49.4941
49.3253
49.2934
49.1646
49.4818
49.4722
49.2156
49.255
49.4846
49.422
49.3798
49.272
49.2702
49.1731
49.3884
49.5671
49.3556
49.4141
49.3843
49.3279
49.4342
49.331
49.3564
49.2649
49.3712
49.3029
49.5161
49.3979
49.2382
49.7306
49.3941
49.3741
49.413
49.4031
49.7472
49.2511
49.3298
49.5222
49.5023
49.5989
49.2178
49.2474
49.466
49.5067
49.3279
49.1312
49.4493
49.4
49.2469
49.383
49.4307
49.2806
49.2742
49.3566
49.3611
49.6995
49.252
49.3041
49.2535
49.3326
49.5174
49.453
49.5044
49.4897
49.3536
49.688
49.4678
49.1073
49.4646
49.6507
49.4926
49.3575
49.2249
49.4938
49.5484
49.3287
45.4781
45.537
46.0032
45.4388
45.6636
45.881
45.6138
45.7924
45.7616
45.8743
45.7984
45.9888
45.6822
45.934
46.1033
45.6466
45.9417
45.5845
45.7274
45.5839
45.8655
45.7885
45.6123
45.4855
45.5912
45.7778
45.8769
45.9697
45.778
45.9991
45.9344
46.1443
45.919
45.9547
45.9777
45.5635
45.7845
45.7973
45.8755
45.911
45.7431
45.9249
45.828
45.8693
46.0384
45.5986
45.98
45.5275
45.8537
45.8131
45.829
45.7759
45.8463
45.6826
45.3677
45.886
45.7867
45.7864
45.9673
45.7817
45.7704
45.9552
45.9869
45.6294
45.8064
45.5605
45.5478
45.5095
45.6635
45.9342
45.6859
45.7089
45.3422
45.7553
45.75
46.1398
45.6571
45.7328
46.1093
45.6849
45.6189
45.9526
45.436
45.7826
45.5921
45.7391
45.6712
45.6544
45.4752
45.8804
45.8656
45.731
45.9269
45.995
45.9168
45.861
45.8597
45.6332
45.4363
45.8398
45.8682
46.0557
45.592
45.6488
45.4707
45.8351
45.8909
45.7556
45.8847
45.9237
45.8299
45.8369
45.792
45.7337
45.8108
45.9326
46.0728
45.9429
45.7153
45.9711
46.0039
45.8652
45.781
46.0338
45.6103
45.6961
45.8447
45.5069
45.8017
45.8554
45.8573
45.6464
45.9151
45.8068
45.9204
46.1011
45.813
45.8142
45.4933
45.802
45.9856
45.682
45.6744
45.9971
45.5422
45.6694
45.8347
45.9286
45.7249
46.0904
45.8998
45.8015
45.8711
45.9071
45.9757
45.6206
46.0379
45.7774
45.5882
46.2323
45.7661
45.7128
45.4451
45.8732
45.9353
46.181
45.9158
45.7997
45.5854
45.9581
45.8018
45.6689
45.6463
45.8127
45.8117
45.7355
45.61
45.9544
45.8797
45.7796
45.7842
45.8119
45.6941
45.9487
45.8301
45.5049
45.8572
45.8409
45.8268
45.6883
45.8713
45.5469
45.6999
45.7901
45.5759
45.9218
45.8966
45.7765
45.772
45.7926
46.8905
47.1261
46.8157
46.7127
46.9616
46.8263
46.8132
47.1477
47.0038
46.9477
46.8975
46.9659
46.9893
46.9729
46.9434
46.803
47.041
47.1666
47.0995
46.8859
46.8373
47.0349
47.0797
47.0667
46.8458
46.9189
47.1136
46.9527
47.0448
47.0983
46.8363
47.0843
46.8969
46.8274
46.9109
46.8492
46.8175
46.8314
46.9612
46.9505
47.2486
47.0084
47.0443
46.8749
46.9894
47.0446
47.1409
46.8855
46.8065
46.9945
46.8966
47.2198
47.1697
47.0595
47.1594
47.1463
46.802
46.8676
46.8746
47.0605
46.9524
46.7755
46.8637
46.9896
46.9302
46.9343
47.2066
47.0432
46.9152
46.997
46.9956
47.2096
46.8954
47.004
47.048
47.0862
47.156
47.009
47.0839
46.944
46.8442
46.8981
47.0799
47.1126
46.9088
46.9692
46.9841
47.0319
46.9243
46.8238
47.0838
47.1993
47.1288
47.0208
46.9074
47.0657
46.968
46.9549
47.1068
47.0027
46.929
46.8648
46.7635
47.0806
46.9539
46.9174
47.0775
47.0591
47.074
46.8079
47.1136
46.9728
46.9558
47.1845
46.905
47.1323
46.9147
46.8142
47.0627
47.024
47.1196
47.0578
47.0163
46.9813
46.9423
46.9021
46.8891
47.1155
46.8045
47.084
46.9753
46.8142
46.8933
46.9415
46.9301
46.9241
46.9392
46.92
47.0688
46.8457
47.0235
47.0768
46.9258
46.8659
47.1307
46.8155
47.1719
46.9269
46.8787
46.7555
46.8745
46.9634
47.3046
47.0142
46.9834
46.8573
47.0082
47.0241
47.0947
47.085
46.9433
46.9477
46.8534
47.0742
46.9289
46.9466
46.981
46.8618
46.8971
46.8744
46.8862
47.0001
46.8376
47.1256
47.0107
46.9249
46.9164
46.9997
46.9173
47.2275
47.0388
46.9136
46.9892
46.9578
46.8823
47.1852
46.9127
46.7943
47.1697
46.8009
47.1885
46.989
46.9088
46.8571
46.8724
46.9675
46.9803
46.838
47.0607
47.2952
47.151
47.2144
47.287
47.2879
47.1453
47.1904
47.2964
47.1463
47.1654
47.4538
47.2577
47.3332
47.2216
47.2132
47.0969
47.2396
47.3068
47.3206
47.216
47.0386
47.0779
47.4319
47.2274
47.4516
47.0879
47.2396
47.3201
47.188
47.2122
47.1563
47.3714
47.2541
47.234
47.2271
47.2219
47.4029
47.3788
47.2507
47.3396
47.1818
47.1488
47.1745
47.2956
47.2335
47.2346
47.3837
47.2366
47.182
47.3245
46.9925
47.1701
47.0709
47.2079
47.1383
47.2912
47.1813
46.9757
47.277
47.2133
47.1091
47.1337
47.1084
47.1878
47.4018
47.146
47.2699
47.4655
47.2375
47.3628
47.2334
47.2951
47.3282
47.163
47.1457
47.1682
47.2934
47.1929
47.3088
47.3448
47.3502
47.5586
47.4873
47.07
47.2545
47.4247
47.0033
47.2051
47.1567
47.4261
47.3302
47.2229
47.2802
47.2855
47.1497
47.297
47.319
47.46
47.2405
47.1856
47.062
47.03
47.2177
47.19
47.2733
47.0283
47.2373
47.3116
47.4149
47.3024
47.3749
47.3596
47.4348
47.2735
47.2421
47.4322
47.2109
47.0949
47.2446
47.3417
47.0549
47.3955
47.2549
47.3971
47.6199
47.2689
47.0413
47.3085
47.1766
47.2989
47.2701
47.4949
47.2264
47.0499
47.2197
47.1421
47.4215
47.3395
47.077
47.3045
47.1417
47.2777
47.3325
47.4009
47.1745
47.0719
47.0888
47.3214
47.0636
47.4105
47.1365
47.2742
47.2639
47.2968
47.2382
47.3954
47.1598
47.1163
47.3919
47.3865
47.2847
47.2133
47.0505
47.1061
47.1042
47.3554
47.2302
47.1962
47.3133
47.3219
47.2991
47.2975
47.3955
46.9392
47.1465
47.2303
47.2948
47.1643
47.1566
47.2713
47.2338
47.296
47.2619
47.4952
47.4004
47.4591
47.2422
46.9441
47.1967
47.2115
47.228
47.2286
47.2681
47.3024
47.2106
47.3433
47.2789
47.2191
47.3562
47.4081
47.2402
