47.644
47.758
47.8871
47.7326
47.6643
47.7441
47.5086
47.6814
47.7606
47.6233
47.5454
47.6845
47.7751
47.6298
47.824
47.6619
47.8013
47.5818
47.7358
47.8003
47.5278
47.5993
47.6096
47.6197
47.5424
47.6922
47.6183
47.5881
47.5574
47.6515
47.7189
47.6603
47.7214
48.043
47.5837
47.5447
47.528
47.7584
47.766
47.4626
47.7149
47.7526
47.7655
47.729
48.0049
47.6412
47.893
47.6769
47.5213
47.7019
47.8847
48.0092
47.7756
47.6013
47.4145
47.5942
47.7675
47.4335
47.851
47.7483
47.7544
47.7798
47.5976
47.727
47.7758
47.7432
47.7312
47.4224
47.5898
47.6517
47.5329
47.6107
47.695
47.7059
47.7543
47.8452
47.4171
47.8536
47.6606
47.4676
47.5042
47.7683
47.5909
47.6613
47.6534
47.7913
47.6422
47.7132
47.8047
47.8019
47.699
47.8122
47.6936
47.5635
47.5471
47.6439
47.6479
47.6243
47.79
47.38
47.5452
47.8365
47.9124
47.7865
47.7609
47.7011
47.5919
47.7269
47.7448
47.7251
47.6898
47.6015
47.4601
47.7027
47.6069
47.653
47.6156
47.7674
47.7917
47.7308
47.6968
47.7843
47.7314
47.6852
47.5851
47.6846
47.6418
47.727
47.5601
47.4601
47.7394
47.5659
47.753
47.7442
47.7356
47.7244
47.6783
47.4846
47.796
47.6199
47.7083
47.5867
47.573
47.6033
47.6985
47.7471
47.5939
47.7752
47.6312
47.7547
47.8519
47.5804
47.6005
47.378
47.6122
47.7407
47.7294
47.842
47.6607
47.4623
47.5631
47.7649
47.8326
47.6085
47.7684
47.5298
47.7457
47.6955
47.6907
47.781
47.7448
47.6819
47.6861
47.9132
47.6913
47.64
47.7412
47.6555
47.7153
47.6851
47.7018
47.74
47.7657
47.8162
47.5614
47.4126
47.805
47.7706
47.6913
47.6051
47.3614
47.8524
47.8724
47.5578
47.6122
47.6019
47.542
47.6913
47.7248
47.5282
47.6028
47.8379
47.9
47.987
47.7764
47.7851
47.8507
47.8646
47.8471
47.8408
48.0726
47.9668
47.7193
47.8015
47.7069
47.9058
48.0165
47.7854
47.7423
48.0962
47.8494
47.8457
47.9412
48.1071
47.9124
47.8949
47.8103
47.8267
47.7294
47.8283
48.1251
47.9104
47.954
47.8395
47.8216
47.8531
47.5782
47.8553
47.9444
47.9172
47.8567
47.7086
47.9088
48.0995
47.9191
47.911
47.9322
47.7694
48.0126
47.7174
48.0723
47.8175
47.8572
47.9587
47.8993
48.0343
47.9509
47.9375
47.6933
47.9081
47.9646
47.8251
47.9766
47.8069
47.9078
47.771
47.7954
47.7736
47.8609
47.9588
47.7443
47.8359
47.8218
47.5637
47.7515
47.742
47.8408
47.8839
47.8532
47.7912
47.6451
47.8464
47.779
47.8774
48.0404
47.7628
47.8436
47.8279
47.6628
47.8602
47.8618
47.7838
47.8218
47.7345
47.9361
47.7765
47.734
47.7218
47.7497
47.8673
47.9138
47.9067
48.039
47.8785
47.8964
48.1111
47.8626
48.025
48.0627
47.8132
47.9197
47.7508
47.8746
47.7418
47.8495
47.8839
47.6576
47.8219
47.9059
47.7793
47.8436
47.8011
47.9319
47.8343
47.8821
48.1349
47.8338
47.951
47.7158
47.9896
47.8128
48.0871
47.8381
47.9137
48.053
47.8938
47.9587
47.9693
47.9726
47.793
47.7207
47.9587
47.6126
47.8977
47.879
47.8229
48.0278
47.6883
47.9005
48.0274
47.8359
47.922
48.0187
47.8639
47.9631
47.9704
47.9804
47.6799
47.9047
48.0094
47.5047
47.828
47.9397
47.9483
47.7775
48.0492
47.8539
47.8705
47.803
47.8368
47.8035
47.817
47.8717
47.9387
47.7993
48.045
47.7349
47.9451
47.7988
47.9269
47.9694
47.7691
47.9016
48.0177
47.9409
47.8403
47.7961
47.9425
48.1687
47.855
47.8096
47.8414
48.0027
47.7989
47.9926
47.859
47.8217
47.8063
47.7926
47.9112
47.9369
47.9801
48.2066
48.128
48.2836
48.298
48.1781
48.1454
48.4475
48.0764
48.0751
48.0209
48.2165
48.2263
48.0623
48.2947
48.155
48.0944
48.1898
48.1978
48.0755
48.27
48.3296
48.0635
48.0702
48.1868
48.2695
48.2686
48.216
47.9701
47.9793
48.0854
48.3409
48.1591
48.0634
48.1015
48.2234
48.067
48.1907
48.3224
48.107
48.0983
48.2449
48.1185
48.2184
48.0654
48.1139
48.1814
48.2975
48.0137
47.954
48.2065
48.1964
48.0674
48.05
48.1206
48.2508
48.2896
48.0828
48.1521
48.1923
48.0722
48.5085
48.2096
48.2714
48.1782
48.3657
48.1521
48.238
48.1355
48.05
47.9267
48.2184
48.0461
47.9909
48.3409
48.1353
48.3472
48.1958
48.1666
48.1801
48.2322
47.8945
48.1138
48.1288
48.0946
48.3913
48.1166
48.1315
48.1086
48.2153
48.1946
48.2703
48.1579
48.256
48.1639
48.2181
48.1809
47.9008
48.1267
48.1513
48.3559
48.1869
48.2127
48.0593
48.1473
48.1642
48.2414
48.4919
48.013
47.9228
48.326
48.1713
48.2101
48.2509
48.2766
48.1555
48.111
48.1064
48.1385
47.9904
47.9845
48.1346
48.1936
48.307
47.8887
48.2625
48.0982
48.0675
48.1445
48.2641
48.2266
48.2401
48.362
48.0338
48.1989
48.2546
48.0609
48.1939
48.1472
48.2549
48.3956
48.3532
48.2801
48.1994
48.1442
48.2086
48.2321
48.2256
48.149
48.2769
48.3107
48.1753
48.0417
48.2082
48.2166
48.0817
48.1254
48.121
48.2034
48.1961
48.1946
48.1626
48.0472
48.1555
48.206
48.1621
48.1304
48.2922
48.1554
48.1724
48.063
48.2795
48.1986
47.8345
48.135
48.4914
48.3062
48.2003
48.0749
48.2348
47.9832
47.8648
48.2236
47.9793
48.0441
48.2916
48.0955
48.2387
48.0297
48.3623
48.0843
47.9502
48.129
48.205
48.0709
47.9723
48.0441
48.3427
48.009
47.934
47.7895
48.1681
47.9105
47.8469
47.993
48.0477
48.1786
48.3294
48.1075
48.0886
47.9243
48.0122
48.1212
48.1719
47.8055
48.2019
48.0256
47.949
47.825
48.0407
48.1761
47.9291
47.9279
48.1404
48.0264
47.9787
48.0437
47.9882
48.1676
48.2405
48.0903
47.9764
48.2555
48.183
47.9819
48.0395
48.0514
48.0732
48.0329
47.9849
48.12
47.9793
47.8241
47.966
48.2499
48.0595
48.3433
48.0451
48.2373
48.2899
48.0536
48.0345
48.0503
48.1772
48.0705
48.004
47.8626
47.9659
48.0363
48.1231
47.85
48.1457
48.3097
48.2025
47.9142
47.9106
47.9879
48.1306
48.0007
47.9666
47.9381
48.0103
47.9481
48.2208
48.1122
48.0307
48.1129
47.9055
48.0987
48.1083
48.0905
48.3329
48.2039
48.0107
48.1488
48.0454
47.9442
48.0892
48.0178
47.9619
47.9991
48.0166
48.0548
48.182
47.8446
48.0122
48.0153
48.1024
48.0061
48.0595
48.0377
48.1006
48.0062
47.9799
48.2264
47.9241
48.1638
48.0423
48.0738
48.2123
48.1386
48.1086
48.1028
48.0016
48.1512
48.3309
48.2425
48.021
48.1776
47.9608
48.1006
48.1355
48.0694
48.2634
48.1454
47.9725
48.1978
48.0086
48.1668
48.1512
47.9131
48.2024
48.1632
48.0245
48.0962
48.1236
47.9721
48.2275
48.0997
47.9145
48.2341
47.9974
48.0027
47.929
48.2466
48.0854
47.9874
47.9891
48.0487
48.2936
48.0226
48.2555
47.9811
47.9948
48.2425
48.0089
47.9108
47.928
48.153
48.0775
48.3436
48.0453
47.8461
48.1938
48.0482
47.9033
47.978
48.1348
48.0233
47.9626
48.0328
47.9659
48.1759
48.0008
48.0306
48.0556
48.2108
48.1786
47.9432
48.159
47.8365
47.925
47.9555
47.9388
48.0106
47.9517
48.1391
48.1198
48.0283
47.9311
47.9818
47.9997
47.8248
47.9698
48.1963
48.2459
48.1427
47.8404
48.0822
48.1712
48.4371
48.6214
48.3618
48.4768
48.3032
48.0924
48.4737
48.2872
48.4913
48.3763
48.3825
48.2962
48.5637
48.2794
48.5324
48.5332
48.4306
48.374
48.2006
48.4332
48.4798
48.4603
48.4093
48.446
48.4105
48.335
48.4434
48.4975
48.3638
48.4706
48.3516
48.2263
48.3551
48.5382
48.4183
48.4814
48.5042
48.314
48.4723
48.3352
48.3322
48.3217
48.4425
48.1066
48.2216
48.2733
48.3823
48.5813
48.244
48.3278
48.257
48.4343
48.6144
48.0989
48.5735
48.6025
48.3362
48.3106
48.6523
48.4562
48.2875
48.6412
48.556
48.2063
48.5163
48.3907
48.5167
48.4997
48.3806
48.5063
48.4027
48.3164
48.5125
48.4155
48.4285
48.3633
48.2855
48.3239
48.2774
48.3658
48.3991
48.3122
48.3768
48.3813
48.3923
48.3294
48.5918
48.5098
48.2498
48.4842
48.3633
48.3619
48.4807
48.4983
48.426
48.398
48.2306
48.4503
48.441
48.3835
48.2825
48.3223
48.4715
48.4671
48.3217
48.522
48.2035
48.3076
48.4871
48.5081
48.4449
48.3159
48.3134
48.4409
48.4832
48.3304
48.5627
48.3182
48.1592
48.4098
48.3735
48.5829
48.5906
48.5895
48.5015
48.4396
48.36
48.5097
48.4123
48.3093
48.4007
48.557
48.5144
48.2191
48.5391
48.5423
48.2736
48.5016
48.3234
48.618
48.4059
48.4223
48.4614
48.3372
48.297
48.4351
48.6496
48.415
48.3325
48.4524
48.394
48.3668
48.612
48.495
48.5061
48.3408
48.4303
48.3659
48.2269
48.2138
48.4267
48.7323
48.657
48.3628
48.5324
48.4558
48.4148
48.5229
48.4929
48.1966
48.3021
48.3391
48.4908
48.3082
48.171
48.3003
48.3041
48.4304
48.3871
48.5
48.4989
48.3488
48.4237
48.296
48.4102
48.5009
48.4061
48.3591
48.3223
48.354
48.4467
48.3104
48.4495
48.5277
48.319
48.3384
48.6045
48.1979
48.3709
49.5198
49.2283
49.5267
49.6967
49.3049
49.443
49.1894
49.4136
49.4066
49.3832
49.3722
49.2408
49.0864
49.2911
49.5786
49.3786
49.2129
49.3383
49.5384
49.5731
48.9962
49.4117
49.5071
49.2048
49.5404
49.3295
49.6446
49.3647
49.3116
49.4722
49.6914
49.4187
49.4286
49.3448
49.1057
49.3512
49.3516
49.3982
49.4832
49.636
49.3186
49.4771
49.3503
49.4488
48.931
49.3205
49.2926
49.458
49.2943
49.4965
49.3233
49.4814
49.4299
49.4461
49.1943
49.5113
49.3139
49.2474
49.407
49.4724
49.341
49.3879
49.2982
49.0891
49.1878
49.4578
49.5532
49.4556
49.2043
49.1715
49.4251
49.4311
49.3725
49.4532
49.4002
49.3689
49.5515
49.2374
49.4291
49.4402
49.3134
49.3813
49.5879
49.5886
49.2113
49.3931
49.1308
49.2706
48.9841
49.2209
49.3347
49.4365
49.0953
49.3084
49.1611
49.3832
49.3846
49.2941
48.9855
49.4419
49.4926
49.3348
49.4522
49.2903
49.201
49.2619
49.1239
49.6692
49.2591
49.2817
49.2202
49.4682
49.2599
49.4017
49.4688
49.4865
49.474
49.3817
49.3974
49.238
49.441
49.3508
49.3864
49.1904
49.4172
49.3362
49.3414
49.5771
49.2908
49.1481
49.5827
49.4224
49.3119
49.489
49.2872
49.4501
49.3992
49.3978
49.6053
49.6094
49.1086
49.3277
49.0752
49.6651
48.8809
48.8547
49.5941
49.4579
49.3011
49.3547
49.502
49.4232
49.1487
49.4176
49.3489
49.3033
49.5284
49.2938
49.3804
49.379
49.1927
49.3803
49.3299
49.4669
49.1872
49.4216
49.5212
49.3316
49.545
49.3436
49.3079
49.5336
49.1613
49.18
49.3548
49.1206
49.3692
49.3522
49.5662
49.3485
49.3925
49.0833
49.4077
49.552
49.3681
49.3051
49.514
49.1028
49.1886
49.5234
49.663
49.2342
49.3567
49.2376
49.2273
49.4365
49.2607
49.3527
49.4322
49.5146
48.3859
48.2868
48.0768
48.1495
48.2267
48.2312
48.1815
48.0948
48.1414
48.4617
48.4841
48.4757
48.368
48.3715
48.1671
48.299
48.2158
48.162
48.3148
48.1248
48.3071
48.0132
48.1102
48.3702
48.3437
48.4143
48.3507
48.1875
48.2611
48.3178
48.3313
48.1115
48.2684
48.394
48.3306
48.3319
48.1889
48.4027
47.9609
48.2458
48.4849
48.3903
48.3728
48.0745
48.3011
48.3652
48.1087
48.2546
48.2352
48.3435
48.1866
48.1791
48.0432
48.3274
48.3733
48.3419
48.3415
48.3618
48.2891
48.5252
48.1904
48.234
48.5269
48.1245
48.3976
48.3564
48.4178
48.3119
48.3239
48.1122
48.3087
48.0657
48.1439
47.9796
48.1143
48.3769
48.3887
48.5184
48.3674
48.5006
48.4769
48.3676
48.2719
48.2892
48.2597
48.2466
48.1527
48.3948
48.3532
48.3517
48.3167
48.2246
48.324
48.1587
48.2482
48.0201
48.1392
48.3842
48.378
48.1045
48.2933
48.223
48.1764
48.5124
48.4007
48.2285
48.3046
48.3887
48.2142
48.3268
48.2009
48.2861
48.356
48.3974
48.3456
48.2196
48.2881
48.3228
48.2922
48.3274
48.3828
48.5092
48.3388
48.269
48.1735
48.1071
48.2004
48.1607
48.3934
48.4029
48.2226
48.2252
48.4683
48.2246
48.2614
48.4007
48.4247
48.1718
48.3345
48.3306
48.0431
48.137
48.3
48.2461
48.258
48.3027
48.2423
48.4632
48.4529
48.4724
48.3864
48.3349
48.4069
48.4784
48.228
48.2202
48.2658
48.4235
48.3943
48.4086
48.1876
48.3804
48.5755
48.2697
48.3341
48.3662
48.283
48.117
48.1289
48.2532
48.3582
48.0207
48.3221
48.4525
48.418
48.2792
48.1823
48.1314
48.258
48.2552
48.3767
48.1919
48.2247
48.4687
48.241
48.3977
48.2112
48.2438
48.1883
48.3798
48.2005
48.2567
48.245
48.2124
48.449
48.572
48.3004
48.2432
48.2152
48.2356
49.3739
49.7522
49.3945
49.327
49.4488
49.4682
49.2807
49.4692
49.3232
49.6164
49.3162
49.3377
49.2519
49.6505
49.4713
49.3153
49.3681
49.1889
49.2343
49.2955
49.4473
49.6231
49.4766
49.3314
49.4668
49.3844
49.1987
49.3114
49.5115
48.9852
49.3743
49.3931
49.6081
49.5206
49.3918
49.3135
49.4681
49.3696
49.4077
49.5002
49.2633
49.2454
49.6913
49.4662
49.3921
49.2164
49.397
49.4491
49.4666
49.271
49.3308
49.5464
49.2944
49.3798
49.8138
49.2625
49.535
49.2316
49.4095
49.3652
49.4652
49.3825
49.3602
49.2655
49.3141
49.6735
49.4564
49.3523
49.5298
49.3805
49.0825
49.4291
49.3456
49.4737
49.3876
49.4777
49.8257
49.3036
49.2771
49.4528
49.3172
49.2527
49.4426
49.2103
49.1774
49.5114
49.2337
49.3661
49.2537
49.4164
49.3503
49.5494
49.7676
49.2755
49.4383
49.3832
49.3843
49.1976
49.4821
49.4041
49.3191
49.292
49.333
49.1408
49.3945
49.5715
49.3404
49.4455
49.2153
49.2901
49.5307
49.2347
49.3536
49.5449
49.3448
49.5536
49.2071
49.5478
49.3561
49.1991
49.4808
49.3912
49.5806
49.3884
49.4686
49.3253
49.4007
49.2142
49.4829
49.4722
49.2188
49.255
49.4679
49.422
49.3519
49.2973
49.3201
49.1924
49.3823
49.5489
49.3126
49.4358
49.3477
49.3199
49.4084
49.3505
49.3467
49.2614
49.4186
49.2978
49.565
49.4266
49.1882
49.7534
49.3889
49.3741
49.3637
49.3478
49.7609
49.234
49.2964
49.5337
49.5556
49.6058
49.2365
49.2467
49.4659
49.4927
49.28
49.1303
49.4585
49.3803
49.2191
49.4308
49.4096
49.2312
49.2073
49.3956
49.3822
49.7117
49.2186
49.3262
49.2146
49.3326
49.5453
49.4452
49.4531
49.5231
49.3767
49.7112
49.4746
49.1073
49.4627
49.6849
49.4909
49.3568
49.2179
49.4938
49.5401
49.2876
45.5305
45.537
45.9954
45.4679
45.6639
45.8665
45.5503
45.7723
45.8068
45.8743
45.8433
45.9888
45.6906
45.934
46.095
45.6524
45.9246
45.5831
45.6273
45.5956
45.8718
45.7885
45.6564
45.4855
45.5275
45.7836
45.8228
45.9809
45.8364
45.9991
45.9362
46.1443
45.8904
45.9919
45.9838
45.5635
45.7686
45.801
45.8212
45.9176
45.7254
45.9249
45.8577
45.8693
46.0462
45.6309
45.9839
45.4979
45.8894
45.8131
45.8786
45.7971
45.8624
45.6708
45.4277
45.886
45.667
45.7886
45.9667
45.7817
45.7783
45.9623
45.9483
45.6294
45.8411
45.5957
45.5116
45.5096
45.7373
45.9156
45.7029
45.7577
45.4468
45.746
45.7176
46.1398
45.5874
45.7335
46.0792
45.6785
45.7738
45.9526
45.4776
45.7718
45.6195
45.7391
45.8055
45.6563
45.5024
45.8813
45.8596
45.7291
45.8947
45.995
45.8802
45.8644
45.8992
45.6877
45.4789
45.8317
45.9271
46.0779
45.5959
45.6488
45.4319
45.825
45.9192
45.7727
45.91
45.9237
45.8535
45.8372
45.8078
45.7337
45.8786
45.8929
46.1124
45.9665
45.7851
45.9734
45.9534
45.8648
45.7484
46.0315
45.6381
45.6824
45.856
45.5069
45.8018
45.8554
45.9815
45.6421
45.9471
45.8068
45.923
46.1343
45.9203
45.8565
45.533
45.7775
45.996
45.678
45.6699
45.9971
45.4962
45.6339
45.8343
45.9242
45.7599
46.1113
45.9068
45.7955
45.8609
45.9023
45.9251
45.6327
46.0668
45.7828
45.6234
46.2316
45.7787
45.7217
45.4306
45.8859
45.878
46.181
45.9218
45.7997
45.5968
45.9617
45.7064
45.6689
45.7629
45.8003
45.9105
45.7258
45.6601
45.993
45.8701
45.7833
45.8047
45.8044
45.7074
45.9476
45.8252
45.5049
45.8362
45.8522
45.8317
45.6837
45.8646
45.5469
45.6842
45.8082
45.6047
45.9218
45.945
45.7765
45.7507
45.7926
46.8986
47.1056
46.8265
46.7229
46.9647
46.8117
46.8194
47.1523
47.0095
46.9267
46.909
46.9595
46.9762
46.9604
46.9456
46.803
47.0463
47.1805
47.1024
46.8824
46.8396
47.0253
47.0674
47.0558
46.8477
46.9294
47.1073
46.933
47.0592
47.094
46.8241
47.0948
46.9026
46.7808
46.9244
46.8401
46.8197
46.8349
46.9679
46.9439
47.2664
46.9929
47.0349
46.8894
46.9794
47.0126
47.1334
46.8657
46.7884
46.996
46.9159
47.1719
47.1623
47.0584
47.1496
47.1411
46.8036
46.8792
46.8415
47.0605
46.9489
46.7632
46.851
46.9849
46.933
46.9343
47.1986
47.0528
46.9222
46.9771
46.9922
47.1828
46.9097
47.0159
47.0102
47.0838
47.1552
47.009
47.0905
46.9577
46.8402
46.8952
47.0733
47.0875
46.9165
46.987
46.9861
47.0375
46.9366
46.8424
47.0695
47.2022
47.1474
47.0028
46.9264
47.0778
46.9817
46.9556
47.1125
47.0027
46.917
46.9064
46.7582
47.0751
46.9753
46.9306
47.0796
47.0365
47.0894
46.8022
47.1218
46.9574
46.9794
47.1737
46.9277
47.1509
46.9086
46.8278
47.0688
47.024
47.1159
47.0542
47.0117
46.9473
46.9594
46.9021
46.898
47.1421
46.7943
47.0767
46.9519
46.7798
46.8988
46.9266
46.9191
46.9383
46.9508
46.9152
47.0627
46.8357
46.986
47.0491
46.9025
46.8707
47.1216
46.8382
47.1818
46.9319
46.8638
46.7516
46.8746
46.9442
47.2993
47.0168
46.9591
46.8314
46.9903
47.0123
47.0795
47.085
46.9481
46.9456
46.8445
47.0679
46.8983
46.9466
46.9653
46.8618
46.9054
46.8699
46.8983
47.0001
46.8246
47.1269
47.0043
46.9447
46.9323
47.0032
46.9152
47.2361
47.0448
46.9111
47.0014
46.9597
46.8629
47.1869
46.9213
46.7983
47.169
46.8017
47.189
47.015
46.9191
46.8316
46.8703
46.9679
46.9907
46.838
47.0679
47.2902
47.151
47.2144
47.287
47.2879
47.1453
47.1904
47.2964
47.1463
47.1654
47.4538
47.2577
47.3332
47.2216
47.2132
47.0969
47.2396
47.3068
47.3206
47.216
47.0386
47.0779
47.4319
47.2274
47.4516
47.0879
47.2396
47.3201
47.188
47.2122
47.1563
47.3714
47.2541
47.234
47.2271
47.2219
47.4029
47.3788
47.2507
47.3396
47.1818
47.1488
47.1745
47.2956
47.2335
47.2346
47.3837
47.2366
47.182
47.3245
46.9925
47.1701
47.0709
47.2079
47.1383
47.2912
47.1813
46.9757
47.277
47.2133
47.1091
47.1337
47.1084
47.1878
47.4018
47.146
47.2699
47.4655
47.2375
47.3628
47.2334
47.2951
47.3282
47.163
47.1457
47.1682
47.2934
47.1929
47.3088
47.3448
47.3502
47.5586
47.4873
47.07
47.2545
47.4247
47.0033
47.2051
47.1567
47.4261
47.3302
47.2229
47.2802
47.2855
47.1497
47.297
47.319
47.46
47.2405
47.1856
47.062
47.03
47.2177
47.19
47.2733
47.0283
47.2373
47.3116
47.4149
47.3024
47.3749
47.3596
47.4348
47.2735
47.2421
47.4322
47.2109
47.0949
47.2446
47.3417
47.0549
47.3955
47.2549
47.3971
47.6199
47.2689
47.0413
47.3085
47.1766
47.2989
47.2701
47.4949
47.2264
47.0499
47.2197
47.1421
47.4215
47.3395
47.077
47.3045
47.1417
47.2777
47.3325
47.4009
47.1745
47.0719
47.0888
47.3214
47.0636
47.4105
47.1365
47.2742
47.2639
47.2968
47.2382
47.3954
47.1598
47.1163
47.3919
47.3865
47.2847
47.2133
47.0505
47.1061
47.1042
47.3554
47.2302
47.1962
47.3133
47.3219
47.2991
47.2975
47.3955
46.9392
47.1465
47.2303
47.2948
47.1643
47.1566
47.2713
47.2338
47.296
47.2619
47.4952
47.4004
47.4591
47.2422
46.9441
47.1967
47.2115
47.228
47.2286
47.2681
47.3024
47.2106
47.3433
47.2789
47.2191
47.3562
47.4081
47.2402
