0.489552
0.363
0.230769
0.505
0.457542
0.0937188
0.347652
0.631
0.679641
0.154
0.10479
0.827
0.647
0.935323
0.474525
0.272183
0.0517928
0.126873
0.46
0.76024
0.108891
0.297
0.196
0.435
0.206
0.360639
0.684316
0.628
0.777
0.265734
0.0849151
0.288
0.539
0.77023
0.496
0.816
0.52
0.857
0.397015
0.140719
0.715569
0.282435
0.361638
0.315055
0.846154
0.0827517
0.802
0.954
0.237
0.669331
0.934263
0.929071
0.929
0.214785
0.429
0.929
0.073
0.440559
0.147
0.559
0.820359
0.0939061
0.65035
0.024
0.14
0.0878244
0.919081
0.204
0.151
0.0888224
0.379242
0.391
0.759
0.40959
0.794
0.188811
0.707
0.326347
0.276
0.784216
0.738
0.493
0.917
0.748252
0.0568295
0.0708583
0.678
0.915
0.437126
0.9
0.435693
0.8002
0.109
0.265469
0.626
0.881238
0.911089
0.517483
0.878
0.775
0.893
0.931138
0.21
0.651
0.675972
0.355
0.36
0.693
0.182
0.344
0.668332
0.694915
0.063
0.042957
0.774226
0.473
0.038
0.648352
0.52048
0.843313
0.449102
0.646
0.869522
0.846461
0.956044
0.094
0.362
0.481
0.0898204
0.42
0.430708
0.163836
0.893214
0.845
0.433134
0.543912
0.952
0.954
0.917083
0.316683
0.454092
0.863137
0.558
0.962114
0.923077
0.76024
0.44
0.697605
0.647705
0.724
0.584
0.306
0.188
0.82
0.637
0.542458
0.065
0.845155
0.842
0.477
0.345
0.361638
0.878122
0.0418744
0.727545
0.642
0.843157
0.595
0.829511
0.403
0.135
0.378863
0.625375
0.744279
0.441558
0.667
0.157
0.845309
0.289841
0.848
0.946
0.703593
0.732072
0.822178
0.919162
0.0779221
0.291
0.44666
0.762475
0.912
0.634
0.497
0.976
0.037
0.966102
0.712
0.825
0.192807
0.849
0.539
0.79
0.0879121
0.65377
0.091
0.158841
0.607178
0.651
0.134865
0.884
0.751
0.921079
0.951
0.804
0.0898204
0.955045
0.37525
0.850299
0.103689
0.145
0.4995
0.072
0.664671
0.376869
0.068
0.081
0.804
0.061
0.123506
0.816
0.258
0.912
0.608175
0.932
0.029
0.72
0.205794
0.66
0.361638
0.444555
0.081
0.072
0.761
0.746254
0.094
0.083
0.914086
0.399
0.061
0.277722
0.33
0.464
0.014985
0.043956
0.712
0.591
0.718282
0.886
0.771685
0.147
0.3996
0.947
0.051
0.147705
0.307692
0.486
0.668
0.703297
0.621514
0.366
0.618382
0.652
0.305
0.361638
0.731
0.858
0.941
0.691
0.15
0.156
0.112887
0.122632
0.913
0.204591
0.031
0.959
0.567
0.774
0.213573
0.81
0.834331
0.133733
0.523
0.136863
0.633466
0.639361
0.752248
0.266
0.416
0.146707
0.871
0.359
0.057
0.975
0.015
0.957043
0.665
0.494505
0.0997009
0.817183
0.321
0.122
0.578
0.870259
0.221
0.727
0.232072
0.258483
0.58
0.432
0.737
0.846307
0.095
0.799
0.746
0.037
0.607393
0.173
0.739
0.460539
0.0648703
0.077
0.919081
0.587
0.635729
0.015
0.326
0.151848
0.623377
0.251
0.315
0.414
0.214571
0.598
0.678322
0.633
0.498
0.688
0.613
0.268463
0.964108
0.38024
0.471116
0.982
0.159681
0.87
0.570289
0.652
0.284
0.654
0.702595
0.54491
0.197
0.456
0.934
0.772
0.953094
0.787
0.0889111
0.168831
0.0169661
0.688933
0.741775
0.094
0.614158
0.654
0.348259
0.092
0.151697
0.127872
0.736527
0.132
0.908
0.952
0.195804
0.943
0.84
0.17
0.18
0.885344
0.026973
0.482
0.800995
0.266932
0.185
0.673
0.36963
0.34
0.740519
0.529
0.92008
0.3996
0.727273
0.136
0.945055
0.350598
0.257
0.848455
0.0498504
0.85015
0.041958
0.865
0.225
0.379
0.988
0.234
0.973
0.965
0.062
0.836327
0.329
0.202393
0.741
0.046953
0.167665
0.0528942
0.806
0.365634
0.298106
0.825175
0.926295
0.971029
0.887
0.893107
0.505
0.072
0.963
0.016983
0.1
0.609
0.022
0.067
0.952
0.905095
0.020979
0.62251
0.979063
0.230539
0.939061
0.187812
0.113772
0.682318
0.215569
0.229084
0.898
0.9001
0.221
0.166833
0.96012
0.089
0.946
0.778
0.05
0.839
0.942
0.394605
0.029
0.914
0.971029
0.249
0.942116
0.0189621
0.265734
0.981038
0.017
0.869131
0.035
0.677
0.030969
0.641717
0.982
0.947159
0.11477
0.717565
0.93007
0.236763
0.242
0.876124
0.026
0.369
0.0318725
0.0679321
0.056
0.856
0.412176
0.908
0.246507
0.27
0.217348
0.404382
0.592
0.965174
0.021
0.678
0.317682
0.609391
0.916501
0.965105
0.585828
0.757485
0.337
0.168
0.914
0.644
0.218
0.093
0.847153
0.945
0.04
0.122
0.278
0.955
0.51
0.971029
0.111888
0.979
0.799401
0.633367
0.347652
0.587824
0.73
0.420579
0.313
0.422577
0.13
0.959082
0.808383
0.04
0.054
0.972
0.96004
0.656344
0.195
0.546
0.031
0.0969031
0.898305
0.955
0.514
0.234
0.638
0.384
0.833002
0.959041
0.924378
0.311377
0.306
0.0388833
0.138584
0.916
0.16
0.788212
0.0639361
0.024
0.517
0.925
0.040959
0.337325
0.354
0.471
0.517
0.531
0.564
0.018
0.905
0.73
0.966
0.172
0.975025
0.026
0.343656
0.88
0.144
0.966
0.214
0.218
0.817
0.954046
0.192
0.243
0.498
0.605
0.745509
0.263682
0.472
0.041958
0.314
0.379
0.941059
0.019
0.388
0.319
0.07
0.172827
0.88
0.544
0.093
0.0309381
0.079
0.94006
0.953
0.938
0.969
0.921
0.102
0.331
0.154536
0.327
0.628
0.964036
0.933067
0.402597
0.963
0.487512
0.719
0.171
0.802198
0.236291
0.073
0.868
0.0239521
0.360279
0.629
0.192
0.534466
0.869
0.220779
0.968
0.333998
0.0919081
0.593407
0.017
0.0918164
0.036
0.365
0.936064
0.668332
0.391
0.258741
0.117647
0.828
0.665669
0.336663
0.917
0.227
0.569
0.974
0.0619381
0.809761
0.130869
0.142857
0.387226
0.057
0.036963
0.91
0.720559
0.095
0.397
0.447657
0.15984
0.308691
0.36
0.595
0.915254
0.364
0.261
0.0465808
0.134
0.0518962
0.347
0.581419
0.102
0.528
0.452642
0.697
0.969031
0.91
0.88012
0.921079
0.0388446
0.049
0.921079
0.145418
0.918
0.063
0.860279
0.375
0.801397
0.707876
0.258
0.423154
0.099
0.0348953
0.667
0.745
0.075
0.947
0.557
0.219
0.946054
0.445
0.961155
0.156375
0.814
0.226773
0.041
0.14
0.142857
0.0669331
0.798604
0.311688
0.048
0.94
0.979042
0.188
0.151
0.674
0.72
0.193806
0.0487562
0.695609
0.383848
0.163673
0.691617
0.329341
0.0988024
0.261738
0.454092
0.896
0.482
0.0659341
0.452547
0.749251
0.833
0.649351
0.284
0.766234
0.690239
0.126
0.27
0.111776
0.898
0.046
0.135729
0.895
0.226
0.439
0.674
0.215
0.20979
0.621379
0.88523
0.74
0.733
0.849301
0.073
0.112662
0.919162
0.913
0.046
0.949
0.762
0.029
0.434
0.356643
0.766
0.928072
0.181818
0.197605
0.135729
0.878244
0.425574
0.892
0.051
0.417
0.94006
0.627745
0.0548902
0.817
0.0518962
0.627373
0.04995
0.766234
0.835329
0.095
0.885
0.0249501
0.340977
0.564307
0.69
0.031
0.641
0.840319
0.74
0.77667
0.974026
0.894106
0.94
0.812375
0.04
0.100798
0.917083
0.939061
0.0429142
0.494
0.323676
0.729
0.96004
0.768
0.21978
0.242
0.796204
0.39
0.016983
0.215569
0.841159
0.556773
0.367
0.935065
0.519
0.516966
0.15984
0.208791
0.06
0.615
0.155
0.22
0.866401
0.0767697
0.242
0.407
0.393606
0.971
0.251
0.094
0.09
0.116
0.976
0.346
0.086
0.913
0.558882
0.599
0.046953
0.053
0.817183
0.715
0.978
0.831169
0.553
0.778
0.132
0.291127
0.125
0.963037
0.086
0.0779221
0.0599401
0.825349
0.288
0.337
0.0669331
0.249751
0.855
0.811
0.216
0.801
0.236
0.76
0.024
0.0997009
0.0969031
0.462537
0.765235
0.127872
0.169
0.153539
0.92016
0.219
0.035
0.192807
0.658683
0.342
0.75
0.839161
0.955
0.0919081
0.0529471
0.969
0.534
0.270459
0.153846
0.763
0.712
0.93
0.845
0.98
0.0199601
0.907
0.110778
0.153
0.905
0.816184
0.915085
0.151697
0.715285
0.082
0.488
0.465
0.082
0.641359
0.0939061
0.103
0.557443
0.255
0.122632
0.661
0.911178
0.827345
0.388611
0.073
0.923077
0.0626866
0.814
0.416583
0.242757
0.203
0.65
0.817365
0.262737
0.899101
0.034
0.038
0.051
0.616
0.758483
0.312687
0.370259
0.117
0.952048
0.324675
0.758
0.312687
0.038
0.612774
0.22
0.969031
0.806194
0.834497
0.963074
0.397807
0.574
0.48
0.459
0.909091
0.397807
0.954
0.557884
0.676324
0.11255
0.673
0.363273
0.719
0.977046
0.551
0.889
0.146414
0.163
0.111
0.866134
0.971087
0.239
0.110889
0.229
0.025
0.345
0.756
0.802
0.772228
0.14
0.817
0.947053
0.375624
0.854
0.565435
0.285
0.378244
0.772228
0.119
0.943114
0.512488
0.0959041
0.336327
0.942058
0.197
0.951
0.148
0.689311
0.645355
0.135864
0.126
0.489
0.037962
0.762238
0.0339321
0.664
0.366633
0.871129
0.958
0.275449
0.328
0.0538922
0.846
0.115884
0.866134
0.776
0.113
0.962
0.195804
0.769
0.575425
0.296
0.447
0.037962
0.809
0.223
0.892108
0.747253
0.042957
0.87013
0.805777
0.289
0.345
0.685
0.490509
0.464
0.119
0.091
0.032967
0.141
0.361638
0.792208
0.870389
0.068
0.112
0.227
0.170829
0.956
0.094
0.121756
0.0338645
0.971058
0.497
0.963
0.972
0.126
0.47952
0.905095
0.903
0.561439
0.795
0.868
0.757727
0.0947159
0.848
0.057
0.701
0.637
0.814
0.7
0.967
0.055
0.937
0.285
0.377
0.934
0.127745
0.992008
0.964036
0.218127
0.904287
0.625375
0.111888
0.896
0.452
0.827173
0.972
0.944167
0.474
0.338323
0.605
0.986014
0.038
0.098
0.720398
0.686627
0.803181
0.053
0.773679
0.637363
0.122754
0.728
0.948
0.834
0.906
0.645
0.06
0.0379242
0.035
0.0299401
0.963
0.954138
0.94012
0.968064
0.906
0.054
0.964036
0.978022
0.802
0.204795
0.252
0.704
0.073
0.443556
0.362
0.455633
0.342
0.487
0.842158
0.0269192
0.825349
0.866
0.047952
0.123876
0.899
0.720837
0.013
0.05
0.945
0.493506
0.664
0.894212
0.355644
0.828172
0.413347
0.97012
0.033
0.788634
0.057
0.773
0.959
0.0528942
0.448551
0.122877
0.059
0.962076
0.026
0.775225
0.0869131
0.538308
0.0768463
0.93513
0.932068
0.908092
0.956044
0.851
0.421
0.615
0.975
0.974
0.132735
0.617383
0.964143
0.939
0.872
0.258
0.971
0.26494
0.014985
0.196803
0.123876
0.804
0.344
0.914086
0.185
0.228315
0.408
0.587238
0.616
0.175649
0.466
0.797
0.963
0.525
0.852148
0.855145
0.642358
0.165
0.143
0.120879
0.165
0.596
0.444
0.96008
0.721
0.624376
0.607784
0.648
0.863
0.936128
0.859841
0.328
0.579421
0.268
0.561
0.193
0.152
0.162
0.418
0.149402
0.623506
0.20199
0.2997
0.965105
0.207
0.754
0.374
0.885458
0.207
0.536
0.670659
0.164
0.86014
0.708
0.592
0.943057
0.909
0.11477
0.186693
0.951098
0.106786
0.219
0.0648703
0.675649
0.421578
0.197605
0.902196
0.615
0.763
0.963111
0.231
0.925
0.9
0.663
0.314685
0.584416
0.537463
0.062
0.646354
0.914
0.885
0.391
0.724104
0.676
0.909272
0.404
0.825
0.142
0.623
0.854
0.484
0.896104
0.938308
0.273
0.824351
0.465
0.844156
0.162
0.225774
0.780439
0.815
0.377246
0.769384
0.186
0.196803
0.12
0.777
0.794
0.0478564
0.31
0.908
0.77
0.067
0.031968
0.971
0.745
0.381
0.717131
0.745
0.859
0.951049
0.637725
0.115
0.254745
0.124
0.035964
0.97009
0.919
0.707293
0.362189
0.562874
0.363636
0.423
0.260739
0.604582
0.944112
0.78
0.672
0.289552
0.834497
0.414172
0.923
0.589
0.052
0.433134
0.836
0.952
0.084
0.908
0.444
0.852295
0.916
0.906375
0.557884
0.171
0.202797
0.046
0.618382
0.52048
0.956
0.339
0.14
0.777
0.557443
0.0289421
0.539
0.354935
0.882
0.857
0.871
0.126
0.472582
0.235529
0.93
0.48004
0.59041
0.858142
0.569
0.954
0.862138
0.398601
0.0899101
0.816915
0.576846
0.618
0.375
0.9
0.826693
0.220779
0.566301
0.591816
0.2
0.316367
0.096
0.494
0.89022
0.65
0.9001
0.0339321
0.773
0.47
0.786
0.16
0.044
0.358283
0.864136
0.364
0.273726
0.186
0.298701
0.280439
0.332667
0.317
0.899
0.277
0.571429
0.443114
0.654691
0.866
0.589
0.164
0.028
0.949
0.200799
0.936064
0.0369261
0.0828343
0.026839
0.024
0.574277
0.831
0.978044
0.276171
0.878
0.587
0.428856
0.761
0.937126
0.0739261
0.11988
0.642
0.778
0.9
0.136
0.745
0.942
0.976096
0.268
0.992016
0.0319361
0.434565
0.137
0.432
0.101
0.979
0.574
0.860419
0.308
0.0349301
0.0689311
0.779
0.021
0.223
0.058
0.144
0.96507
0.841159
0.373
0.861
0.855
0.234531
0.864
0.832
0.191
0.986
0.441558
0.898
0.506494
0.702
0.791
0.038
0.207585
0.102
0.298
0.952096
0.292
0.0937188
0.150849
0.264
0.889
0.254745
0.183816
0.927291
0.851149
0.842158
0.460539
0.425574
0.156
0.697
0.835165
0.887
0.122
0.623131
0.031
0.193
0.676324
0.174
0.746254
0.162837
0.942116
0.799
0.093
0.106
0.084
0.531
0.445
0.659341
0.577
0.879
0.73506
0.395
0.664671
0.221
0.193
0.701597
0.221
0.020979
0.115884
0.465
0.326673
0.87
0.120879
0.218563
0.207171
0.907
0.886114
0.924227
0.259481
0.402597
0.696215
0.934
0.273726
0.0748503
0.492507
0.967
0.383616
0.0904573
0.095
0.508
0.894422
0.14
0.256743
0.684
0.829511
0.0289421
0.741259
0.402597
0.864
0.86014
0.628856
0.918082
0.038961
0.319
0.831
0.934263
0.0289421
0.259
0.133599
0.353
0.536
0.741517
0.673978
0.315
0.685315
0.333
0.909
0.125749
0.74026
0.440559
0.917083
0.371
0.011988
0.337
0.436
0.966
0.837
0.238
0.887
0.908275
0.784
0.126
0.0769231
0.816367
0.962
0.03996
0.63
0.985
0.906
0.152
0.380619
0.168831
0.872
0.855
0.837163
0.745509
0.37525
0.777223
0.0549451
0.128
0.241276
0.241758
0.0849151
0.486513
0.77
0.279
0.249252
0.949102
0.623
0.773
0.149701
0.191
0.417582
0.51497
0.834166
0.184447
0.96004
0.923154
0.539
0.979021
0.884
0.57
0.278721
0.721
0.481038
0.266
0.452547
0.687
0.0629371
0.702595
0.0319361
0.659
0.647353
0.95
0.273726
0.958
0.256
0.148703
0.881356
0.181818
0.086
0.492
0.73
0.756
0.234
0.708
0.94006
0.604
0.052
0.46008
0.931
0.588822
0.57
0.544
0.141717
0.486
0.205
0.242
0.38247
0.678
0.131
0.158841
0.129482
0.433
0.713287
0.0449102
0.382
0.459
0.232
0.400599
0.543
0.073
0.516484
0.945
0.447106
0.742258
0.646
0.0877368
0.8002
0.0969031
0.0539461
0.612
0.319
0.503
0.938062
0.619
0.087
0.959
0.747
0.66034
0.140859
0.564
0.679
0.557
0.914086
0.865135
0.571
0.293
0.232
0.738262
0.116766
0.798
0.770459
0.957
0.904
0.173
0.515968
0.67033
0.559
0.556
0.289421
0.754
0.265734
0.386
0.074
0.752
0.89243
0.858
0.0928144
0.571
0.188
0.81
0.747
0.432702
0.521479
0.463536
0.902098
0.352
0.651
0.804196
0.219
0.227772
0.180819
0.813373
0.0649351
0.296703
0.037
0.635
0.537313
0.925
0.404595
0.379
0.958126
0.514486
0.766
0.367
0.658
0.93014
0.754
0.114201
0.768
0.396
0.648352
0.430569
0.623752
0.48
0.675
0.173826
0.0558882
0.679321
0.825523
0.948
0.0599401
0.31
0.283
0.879362
0.811189
0.796
0.85
0.918082
0.117647
0.861
0.436
0.44666
0.210789
0.716
0.928
0.352
0.07
0.053
0.745509
0.62038
0.369261
0.756244
0.393606
0.281718
0.275724
0.0789211
0.255
0.127
0.161677
0.93513
0.78022
0.274725
0.629741
0.966
0.462537
0.766467
0.351944
0.147852
0.87
0.155
0.338661
0.0799201
0.966034
0.558325
0.44511
0.439
0.8
0.928072
0.901099
0.435
0.856
0.133866
0.594
0.675972
0.848152
0.635
0.484
0.914086
0.235
0.465534
0.226
0.933067
0.124
0.168651
0.238761
0.08
0.196803
0.184815
0.601
0.669331
0.60319
0.823353
0.0757727
0.0939061
0.123876
0.895314
0.806
0.139581
0.673
0.81019
0.934
0.082
0.219
0.846154
0.587
0.61
0.234
0.727092
0.193
0.215
0.758724
0.136863
0.758483
0.527473
0.587824
0.567
0.558765
0.145563
0.111665
0.345618
0.426573
0.057
0.197605
0.762238
0.196607
0.105
0.939
0.261
0.41
0.12987
0.167
0.052
0.215569
0.321678
0.332335
0.87013
0.41
0.0959041
0.585
0.801
0.349
0.523477
0.723829
0.312375
0.377
0.57
0.413586
0.967
0.638
0.321
0.908
0.0309381
0.228315
0.100798
0.0999001
0.153846
0.883
0.232767
0.053
0.899202
0.921
0.074
0.893
0.155844
0.094
0.181637
0.39
0.62
0.134
0.931
0.891
0.709
0.53
0.0739261
0.386
0.363546
0.442
0.572428
0.646
0.123752
0.495
0.619381
0.508492
0.171
0.063
0.266
0.673
0.58
0.643357
0.85
0.132867
0.809
0.575
0.242
0.453546
0.406188
0.316
0.569
0.379
0.110889
0.0697906
0.939
0.234
0.149
0.16983
0.857
0.191
0.06
0.103
0.408
0.59481
0.884
0.647
0.428144
0.821
0.582
0.182
0.631737
0.651
0.280876
0.260739
0.189
0.608392
0.107
0.834
0.107784
0.034
0.767233
0.493506
0.0988024
0.747253
0.396208
0.073
0.574
0.694
0.600798
0.822
0.683948
0.134865
0.046
0.649351
0.808
0.534
0.582
0.971
0.948
0.592
0.48
0.388
0.744
0.0779221
0.938124
0.324
0.395
0.748252
0.312687
0.822355
0.195804
0.083
0.81019
0.411588
0.141575
0.185
0.046
0.789
0.956
0.721116
0.392
0.818
0.435564
0.896
0.083
0.824
0.115653
0.464
0.944
0.618
0.271728
0.942058
0.496
0.042
0.913087
0.168495
0.588
0.604
0.839482
0.674326
0.38
0.0738523
0.515485
0.739
0.841476
0.804
0.749
0.212
0.535465
0.81019
0.869
0.456543
0.87
0.944
0.87
0.639
0.94006
0.362
0.552894
0.172827
0.117882
0.618762
0.769
0.744256
0.925
0.095
0.873127
0.682318
0.62038
0.758
0.336989
0.160839
0.038
0.745255
0.893107
0.406
0.112
0.166667
0.057
0.054
0.951195
0.153539
0.325
0.767465
0.228
0.56331
0.389831
0.87
0.327
0.575848
0.6
0.733
0.604396
0.178
0.40519
0.024
0.519481
0.941118
0.5
0.919
0.752988
0.356
0.125
0.831169
0.307692
0.246507
0.884116
0.318363
0.405378
0.786
0.704
0.333
0.422577
0.0877368
0.704296
0.143
0.51494
0.545
0.159204
0.929071
0.439
0.574
0.699
0.624
0.736056
0.803393
0.028
0.52
0.372
0.046953
0.79
0.347
0.415584
0.583
0.775
0.658342
0.564
0.223553
0.156687
0.227092
0.395
0.709291
0.174825
0.59
0.0388833
0.036963
0.852
0.0899101
0.386613
0.946054
0.040959
0.406
0.250749
0.481
0.921079
0.264207
0.203
0.255
0.512488
0.043
0.791
0.549
0.108
0.788
0.573705
0.61477
0.754
0.697303
0.814
0.830339
0.955045
0.0776892
0.192807
0.157842
0.44511
0.273
0.966
0.28971
0.203796
0.821
0.133866
0.489
0.902196
0.849151
0.971
0.909091
0.955179
0.051
0.963037
0.0779221
0.624
0.348651
0.074
0.677323
0.87525
0.341
0.734
0.139721
0.788
0.143
0.134
0.789631
0.03
0.033
0.295704
0.133
0.814
0.51
0.266
0.163
0.337
0.615
0.376
