29 0.729 29 0
21 0.486 21 0
22 0.517 22 0
27 0.449 27 0
33 0.621 33 0
30 0.803 30 0
30 0.658 30 0
22 0.449 22 0
27 0.529 27 0
26 0.614 26 0
24 0.516 24 0
19 0.509 19 0
24 0.585 24 0
22 0.342 22 0
15 0.428 15 0
16 0.388 16 0
27 0.632 27 0
20 0.451 20 0
17 0.331 17 0
22 0.508 22 0
24 0.561 24 0
22 0.498 22 0
26 0.48 26 0
27 0.52 27 0
16 0.398 16 0
21 0.51 21 0
30 0.746 30 0
20 0.428 20 0
25 0.504 25 0
21 0.411 21 0
18 0.342 18 0
19 0.347 19 0
24 0.415 24 0
22 0.42 22 0
30 0.693 30 0
18 0.431 18 0
30 0.647 30 0
10 0.212 10 0
18 0.405 18 0
33 0.701 33 0
11 0.201 11 0
25 0.588 25 0
25 0.405 25 0
25 0.572 25 0
23 0.649 23 0
23 0.555 23 0
20 0.529 20 0
25 0.548 25 0
30 0.671 30 0
25 0.512 25 0
22 0.393 22 0
23 0.62 23 0
19 0.511 19 0
23 0.436 23 0
19 0.528 19 0
30 0.705 30 0
30 0.637 30 0
26 0.552 26 0
20 0.539 20 0
33 0.679 33 0
29 0.576 29 0
21 0.403 21 0
27 0.673 27 0
24 0.573 24 0
13 0.385 13 0
30 0.711 30 0
26 0.632 26 0
19 0.324 19 0
25 0.658 25 0
20 0.491 20 0
22 0.513 22 0
24 0.617 24 0
20 0.528 20 0
24 0.62 24 0
23 0.529 23 0
28 0.739 28 0
23 0.398 23 0
20 0.368 20 0
11 0.286 11 0
22 0.562 22 0
15 0.381 15 0
21 0.482 21 0
21 0.368 21 0
23 0.524 23 0
22 0.551 22 0
23 0.634 23 0
20 0.354 20 0
26 0.552 26 0
16 0.342 16 0
28 0.694 28 0
27 0.566 27 0
25 0.552 25 0
25 0.651 25 0
34 0.679 34 0
20 0.405 20 0
23 0.505 23 0
23 0.485 23 0
35 0.853 35 0
26 0.608 26 0
25 0.621 25 0
24 0.548 24 0
31 0.7 31 0
29 0.615 29 0
26 0.569 26 0
19 0.31 19 0
16 0.341 16 0
26 0.629 26 0
14 0.338 14 0
18 0.259 18 0
28 0.661 28 0
9 0.221 9 0
28 0.616 28 0
26 0.591 26 0
27 0.551 27 0
19 0.404 19 0
20 0.373 20 0
26 0.646 26 0
14 0.378 14 0
23 0.502 23 0
20 0.394 20 0
12 0.29 12 0
34 0.826 34 0
24 0.577 24 0
29 0.539 29 0
25 0.564 25 0
29 0.552 29 0
18 0.432 18 0
19 0.54 19 0
18 0.356 18 0
27 0.632 27 0
19 0.456 19 0
20 0.464 20 0
15 0.438 15 0
32 0.629 32 0
19 0.421 19 0
17 0.379 17 0
34 0.776 34 0
25 0.62 25 0
10 0.223 10 0
27 0.528 27 0
20 0.541 20 0
19 0.444 19 0
17 0.398 17 0
25 0.569 25 0
24 0.666 24 0
16 0.338 16 0
22 0.487 22 0
28 0.546 28 0
24 0.6 24 0
20 0.355 20 0
22 0.463 22 0
21 0.518 21 0
30 0.608 30 0
27 0.605 27 0
25 0.551 25 0
25 0.596 25 0
22 0.487 22 0
20 0.314 20 0
25 0.722 25 0
28 0.658 28 0
18 0.375 18 0
14 0.421 14 0
23 0.495 23 0
17 0.458 17 0
36 0.792 36 0
24 0.581 24 0
14 0.45 14 0
22 0.353 22 0
20 0.546 20 0
21 0.511 21 0
20 0.516 20 0
18 0.423 18 0
20 0.55 20 0
20 0.445 20 0
27 0.621 27 0
17 0.442 17 0
22 0.558 22 0
17 0.365 17 0
35 0.829 35 0
23 0.424 23 0
24 0.495 24 0
20 0.41 20 0
24 0.477 24 0
28 0.65 28 0
27 0.613 27 0
24 0.591 24 0
26 0.611 26 0
24 0.689 24 0
19 0.385 19 0
24 0.623 24 0
27 0.564 27 0
21 0.34 21 0
17 0.463 17 0
32 0.794 32 0
28 0.72 28 0
27 0.676 27 0
23 0.541 23 0
19 0.401 19 0
19 0.388 19 0
25 0.615 25 0
20 0.416 20 0
19 0.487 19 0
21 0.473 21 0
20 0.412 20 0
14 0.25 14 0
19 0.44 19 0
24 0.625 24 0
23 0.496 23 0
31 0.726 31 0
19 0.465 19 0
28 0.589 28 0
22 0.446 22 0
30 0.787 30 0
27 0.566 27 0
29 0.713 29 0
31 0.68 31 0
20 0.549 20 0
14 0.227 14 0
33 0.712 33 0
29 0.807 29 0
17 0.301 17 0
24 0.47 24 0
16 0.547 16 0
28 0.637 28 0
6 0.086 6 0
22 0.485 22 0
20 0.362 20 0
20 0.459 20 0
24 0.535 24 0
22 0.585 22 0
24 0.526 24 0
14 0.445 14 0
20 0.451 20 0
29 0.618 29 0
25 0.436 25 0
23 0.448 23 0
15 0.418 15 0
19 0.461 19 0
22 0.517 22 0
26 0.622 26 0
14 0.336 14 0
19 0.504 19 0
27 0.626 27 0
26 0.602 26 0
13 0.231 13 0
24 0.664 24 0
25 0.503 25 0
29 0.661 29 0
19 0.486 19 0
25 0.637 25 0
16 0.293 16 0
25 0.611 25 0
35 0.842 35 0
15 0.455 15 0
20 0.417 20 0
24 0.62 24 0
22 0.651 22 0
9 0.217 9 0
17 0.406 17 0
7 0.244 7 0
23 0.592 23 0
21 0.545 21 0
22 0.602 22 0
29 0.584 29 0
20 0.42 20 0
12 0.246 12 0
21 0.503 21 0
29 0.814 29 0
13 0.248 13 0
34 0.683 34 0
25 0.642 25 0
24 0.601 24 0
25 0.642 25 0
19 0.369 19 0
18 0.442 18 0
28 0.526 28 0
30 0.732 30 0
23 0.589 23 0
25 0.577 25 0
24 0.487 24 0
21 0.578 21 0
25 0.587 25 0
18 0.437 18 0
28 0.544 28 0
27 0.713 27 0
25 0.536 25 0
24 0.415 24 0
21 0.418 21 0
19 0.349 19 0
16 0.397 16 0
23 0.601 23 0
23 0.527 23 0
30 0.703 30 0
12 0.389 12 0
33 0.764 33 0
18 0.389 18 0
18 0.428 18 0
23 0.588 23 0
13 0.338 13 0
19 0.372 19 0
16 0.345 16 0
32 0.683 32 0
26 0.58 26 0
24 0.468 24 0
22 0.47 22 0
17 0.311 17 0
25 0.685 25 0
22 0.395 22 0
14 0.285 14 0
19 0.499 19 0
31 0.812 31 0
20 0.486 20 0
22 0.433 22 0
17 0.446 17 0
21 0.483 21 0
26 0.611 26 0
26 0.621 26 0
18 0.529 18 0
26 0.628 26 0
15 0.436 15 0
30 0.668 30 0
21 0.441 21 0
23 0.489 23 0
25 0.618 25 0
28 0.685 28 0
22 0.379 22 0
25 0.61 25 0
32 0.853 32 0
21 0.432 21 0
24 0.643 24 0
19 0.585 19 0
19 0.505 19 0
18 0.345 18 0
22 0.468 22 0
15 0.378 15 0
15 0.456 15 0
20 0.501 20 0
21 0.507 21 0
19 0.469 19 0
15 0.439 15 0
29 0.681 29 0
20 0.541 20 0
37 0.855 37 0
13 0.403 13 0
19 0.479 19 0
25 0.601 25 0
32 0.73 32 0
18 0.489 18 0
25 0.575 25 0
23 0.631 23 0
16 0.42 16 0
26 0.59 26 0
27 0.575 27 0
13 0.293 13 0
17 0.308 17 0
18 0.42 18 0
26 0.526 26 0
17 0.377 17 0
16 0.422 16 0
26 0.576 26 0
20 0.353 20 0
21 0.452 21 0
15 0.381 15 0
5 0.076 5 0
14 0.343 14 0
15 0.472 15 0
22 0.599 22 0
24 0.545 24 0
17 0.527 17 0
15 0.529 15 0
21 0.443 21 0
21 0.599 21 0
32 0.806 32 0
29 0.622 29 0
22 0.486 22 0
20 0.429 20 0
26 0.71 26 0
17 0.317 17 0
25 0.537 25 0
23 0.554 23 0
23 0.585 23 0
19 0.476 19 0
17 0.463 17 0
13 0.36 13 0
33 0.69 33 0
30 0.669 30 0
21 0.516 21 0
31 0.724 31 0
31 0.8 31 0
26 0.516 26 0
12 0.249 12 0
19 0.413 19 0
13 0.378 13 0
28 0.697 28 0
27 0.661 27 0
21 0.497 21 0
26 0.518 26 0
23 0.623 23 0
19 0.414 19 0
23 0.544 23 0
22 0.321 22 0
15 0.347 15 0
25 0.624 25 0
11 0.207 11 0
15 0.317 15 0
23 0.673 23 0
18 0.478 18 0
16 0.588 16 0
20 0.44 20 0
20 0.487 20 0
13 0.318 13 0
18 0.457 18 0
9 0.221 9 0
17 0.471 17 0
31 0.7 31 0
20 0.62 20 0
14 0.351 14 0
28 0.682 28 0
18 0.399 18 0
16 0.308 16 0
18 0.484 18 0
18 0.427 18 0
15 0.499 15 0
18 0.567 18 0
20 0.684 20 0
13 0.448 13 0
9 0.292 9 0
20 0.524 20 0
26 0.587 26 0
20 0.424 20 0
28 0.636 28 0
19 0.547 19 0
17 0.479 17 0
16 0.431 16 0
19 0.501 19 0
27 0.704 27 0
24 0.586 24 0
25 0.767 25 0
31 0.779 31 0
15 0.213 15 0
19 0.505 19 0
7 0.118 7 0
23 0.555 23 0
26 0.584 26 0
26 0.642 26 0
12 0.298 12 0
30 0.783 30 0
19 0.365 19 0
16 0.397 16 0
19 0.397 19 0
21 0.593 21 0
30 0.861 30 0
12 0.381 12 0
25 0.546 25 0
23 0.533 23 0
14 0.353 14 0
15 0.436 15 0
14 0.244 14 0
20 0.583 20 0
20 0.454 20 0
32 0.752 32 0
24 0.521 24 0
12 0.309 12 0
17 0.285 17 0
12 0.208 12 0
9 0.362 9 0
15 0.392 15 0
17 0.215 17 0
22 0.456 22 0
27 0.539 27 0
13 0.337 13 0
11 0.24 11 0
21 0.394 21 0
26 0.673 26 0
26 0.603 26 0
8 0.148 8 0
17 0.465 17 0
28 0.657 28 0
14 0.463 14 0
23 0.621 23 0
15 0.367 15 0
16 0.428 16 0
20 0.616 20 0
25 0.648 25 0
21 0.536 21 0
22 0.547 22 0
29 0.75 29 0
20 0.38 20 0
26 0.685 26 0
20 0.499 20 0
21 0.508 21 0
21 0.507 21 0
17 0.463 17 0
26 0.716 26 0
9 0.156 9 0
21 0.6 21 0
17 0.52 17 0
26 0.676 26 0
15 0.428 15 0
30 0.76 30 0
30 0.687 30 0
13 0.411 13 0
19 0.43 19 0
30 0.729 30 0
25 0.576 25 0
23 0.392 23 0
23 0.369 23 0
20 0.655 20 0
20 0.556 20 0
26 0.788 26 0
25 0.615 25 0
13 0.221 13 0
19 0.394 19 0
20 0.535 20 0
21 0.532 21 0
14 0.265 14 0
21 0.579 21 0
23 0.574 23 0
13 0.27 13 0
16 0.348 16 0
12 0.262 12 0
21 0.497 21 0
28 0.827 28 0
19 0.372 19 0
23 0.462 23 0
27 0.717 27 0
16 0.294 16 0
25 0.743 25 0
12 0.361 12 0
27 0.697 27 0
19 0.528 19 0
22 0.557 22 0
29 0.758 29 0
14 0.335 14 0
27 0.596 27 0
30 0.749 30 0
12 0.227 12 0
20 0.515 20 0
22 0.482 22 0
15 0.269 15 0
6 0.082 6 0
29 0.713 29 0
13 0.229 13 0
34 0.754 34 0
23 0.548 23 0
23 0.482 23 0
24 0.529 24 0
32 0.713 32 0
23 0.569 23 0
22 0.51 22 0
17 0.526 17 0
27 0.759 27 0
23 0.61 23 0
20 0.439 20 0
10 0.216 10 0
30 0.814 30 0
10 0.279 10 0
13 0.349 13 0
20 0.459 20 0
21 0.591 21 0
23 0.507 23 0
13 0.459 13 0
23 0.613 23 0
25 0.726 25 0
30 0.732 30 0
7 0.101 7 0
24 0.365 24 0
14 0.378 14 0
24 0.457 24 0
14 0.462 14 0
14 0.485 14 0
19 0.429 19 0
18 0.411 18 0
11 0.302 11 0
14 0.347 14 0
9 0.267 9 0
24 0.492 24 0
30 0.719 30 0
17 0.394 17 0
18 0.375 18 0
20 0.44 20 0
28 0.697 28 0
17 0.501 17 0
12 0.2 12 0
17 0.393 17 0
24 0.471 24 0
15 0.277 15 0
14 0.445 14 0
28 0.684 28 0
18 0.397 18 0
15 0.423 15 0
21 0.466 21 0
14 0.417 14 0
22 0.629 22 0
28 0.681 28 0
19 0.351 19 0
20 0.503 20 0
34 0.861 34 0
25 0.691 25 0
23 0.547 23 0
20 0.515 20 0
23 0.587 23 0
20 0.496 20 0
22 0.567 22 0
18 0.429 18 0
25 0.616 25 0
26 0.689 26 0
15 0.33 15 0
20 0.639 20 0
22 0.446 22 0
25 0.667 25 0
21 0.622 21 0
17 0.456 17 0
30 0.723 30 0
15 0.364 15 0
16 0.509 16 0
25 0.581 25 0
20 0.509 20 0
26 0.66 26 0
20 0.493 20 0
22 0.577 22 0
17 0.301 17 0
21 0.469 21 0
20 0.628 20 0
25 0.71 25 0
20 0.408 20 0
26 0.791 26 0
19 0.472 19 0
20 0.5 20 0
24 0.684 24 0
28 0.635 28 0
19 0.494 19 0
18 0.477 18 0
25 0.449 25 0
18 0.518 18 0
12 0.377 12 0
25 0.602 25 0
30 0.806 30 0
15 0.391 15 0
25 0.657 25 0
18 0.404 18 0
20 0.461 20 0
31 0.752 31 0
27 0.651 27 0
19 0.513 19 0
22 0.598 22 0
18 0.496 18 0
28 0.611 28 0
24 0.672 24 0
23 0.477 23 0
32 0.765 32 0
16 0.295 16 0
20 0.533 20 0
16 0.236 16 0
20 0.518 20 0
25 0.602 25 0
28 0.693 28 0
16 0.398 16 0
16 0.349 16 0
17 0.27 17 0
21 0.664 21 0
21 0.474 21 0
26 0.645 26 0
28 0.648 28 0
31 0.836 31 0
16 0.532 16 0
17 0.381 17 0
24 0.601 24 0
19 0.459 19 0
24 0.568 24 0
16 0.342 16 0
20 0.569 20 0
19 0.561 19 0
30 0.663 30 0
22 0.458 22 0
28 0.673 28 0
21 0.626 21 0
23 0.544 23 0
33 0.861 33 0
27 0.769 27 0
34 0.855 34 0
21 0.739 21 0
13 0.261 13 0
23 0.498 23 0
14 0.324 14 0
21 0.554 21 0
30 0.737 30 0
17 0.389 17 0
21 0.467 21 0
16 0.313 16 0
22 0.491 22 0
16 0.311 16 0
19 0.596 19 0
18 0.55 18 0
24 0.515 24 0
24 0.6 24 0
18 0.431 18 0
15 0.375 15 0
18 0.426 18 0
19 0.525 19 0
24 0.532 24 0
20 0.548 20 0
18 0.426 18 0
23 0.526 23 0
28 0.587 28 0
23 0.587 23 0
20 0.567 20 0
14 0.477 14 0
30 0.844 30 0
18 0.473 18 0
19 0.463 19 0
18 0.458 18 0
21 0.491 21 0
7 0.26 7 0
27 0.625 27 0
25 0.589 25 0
28 0.664 28 0
17 0.473 17 0
18 0.427 18 0
15 0.257 15 0
23 0.558 23 0
20 0.493 20 0
19 0.417 19 0
17 0.382 17 0
27 0.757 27 0
26 0.702 26 0
11 0.207 11 0
23 0.521 23 0
16 0.309 16 0
27 0.641 27 0
18 0.46 18 0
21 0.653 21 0
21 0.374 21 0
27 0.572 27 0
18 0.461 18 0
7 0.129 7 0
12 0.371 12 0
21 0.55 21 0
13 0.264 13 0
19 0.42 19 0
17 0.491 17 0
23 0.512 23 0
14 0.325 14 0
11 0.283 11 0
20 0.491 20 0
22 0.561 22 0
19 0.44 19 0
20 0.583 20 0
19 0.519 19 0
17 0.311 17 0
30 0.777 30 0
12 0.306 12 0
10 0.169 10 0
23 0.536 23 0
24 0.545 24 0
15 0.486 15 0
23 0.501 23 0
23 0.519 23 0
13 0.338 13 0
17 0.336 17 0
23 0.539 23 0
16 0.318 16 0
29 0.558 29 0
22 0.572 22 0
18 0.513 18 0
21 0.584 21 0
19 0.445 19 0
24 0.507 24 0
18 0.546 18 0
12 0.291 12 0
18 0.508 18 0
27 0.646 27 0
18 0.369 18 0
28 0.738 28 0
23 0.571 23 0
21 0.64 21 0
21 0.513 21 0
15 0.435 15 0
18 0.456 18 0
27 0.606 27 0
25 0.564 25 0
25 0.651 25 0
19 0.432 19 0
22 0.673 22 0
20 0.435 20 0
21 0.59 21 0
19 0.563 19 0
22 0.453 22 0
18 0.424 18 0
23 0.598 23 0
18 0.527 18 0
30 0.683 30 0
22 0.402 22 0
12 0.235 12 0
22 0.636 22 0
17 0.427 17 0
14 0.431 14 0
17 0.364 17 0
17 0.418 17 0
22 0.484 22 0
17 0.33 17 0
15 0.36 15 0
9 0.17 9 0
19 0.469 19 0
13 0.294 13 0
16 0.403 16 0
26 0.799 26 0
21 0.529 21 0
16 0.57 16 0
23 0.708 23 0
19 0.452 19 0
28 0.795 28 0
21 0.542 21 0
21 0.565 21 0
29 0.816 29 0
19 0.473 19 0
11 0.266 11 0
14 0.479 14 0
23 0.517 23 0
14 0.281 14 0
24 0.588 24 0
9 0.244 9 0
19 0.604 19 0
13 0.249 13 0
23 0.658 23 0
25 0.569 25 0
23 0.678 23 0
16 0.319 16 0
22 0.46 22 0
21 0.414 21 0
23 0.547 23 0
13 0.311 13 0
24 0.763 24 0
19 0.677 19 0
24 0.721 24 0
19 0.693 19 0
18 0.429 18 0
23 0.551 23 0
13 0.365 13 0
23 0.552 23 0
14 0.409 14 0
16 0.421 16 0
18 0.481 18 0
18 0.443 18 0
12 0.46 12 0
17 0.465 17 0
16 0.336 16 0
19 0.594 19 0
15 0.419 15 0
22 0.547 22 0
19 0.464 19 0
26 0.764 26 0
13 0.328 13 0
19 0.397 19 0
12 0.291 12 0
24 0.781 24 0
24 0.626 24 0
20 0.598 20 0
21 0.593 21 0
25 0.675 25 0
29 0.729 29 0
21 0.424 21 0
25 0.589 25 0
23 0.723 23 0
16 0.366 16 0
12 0.252 12 0
25 0.595 25 0
11 0.342 11 0
16 0.364 16 0
20 0.494 20 0
19 0.446 19 0
19 0.61 19 0
21 0.556 21 0
21 0.673 21 0
22 0.513 22 0
20 0.599 20 0
17 0.528 17 0
23 0.537 23 0
24 0.678 24 0
14 0.307 14 0
18 0.496 18 0
15 0.461 15 0
24 0.704 24 0
23 0.655 23 0
29 0.703 29 0
21 0.537 21 0
17 0.545 17 0
20 0.552 20 0
22 0.447 22 0
19 0.511 19 0
23 0.598 23 0
21 0.605 21 0
14 0.479 14 0
13 0.372 13 0
9 0.426 9 0
13 0.403 13 0
20 0.568 20 0
19 0.422 19 0
22 0.579 22 0
12 0.238 12 0
22 0.502 22 0
25 0.596 25 0
20 0.518 20 0
22 0.548 22 0
23 0.54 23 0
17 0.414 17 0
26 0.776 26 0
19 0.534 19 0
23 0.673 23 0
13 0.367 13 0
28 0.675 28 0
23 0.603 23 0
28 0.748 28 0
21 0.497 21 0
21 0.547 21 0
9 0.233 9 0
21 0.614 21 0
11 0.225 11 0
26 0.611 26 0
20 0.533 20 0
19 0.426 19 0
13 0.288 13 0
8 0.178 8 0
11 0.121 11 0
17 0.381 17 0
18 0.529 18 0
20 0.621 20 0
14 0.312 14 0
23 0.555 23 0
17 0.589 17 0
22 0.591 22 0
14 0.396 14 0
26 0.792 26 0
19 0.504 19 0
26 0.758 26 0
18 0.478 18 0
16 0.261 16 0
12 0.182 12 0
26 0.709 26 0
15 0.515 15 0
23 0.616 23 0
25 0.709 25 0
9 0.252 9 0
22 0.651 22 0
18 0.385 18 0
17 0.595 17 0
21 0.42 21 0
18 0.454 18 0
22 0.676 22 0
25 0.701 25 0
14 0.257 14 0
16 0.324 16 0
11 0.243 11 0
13 0.293 13 0
17 0.287 17 0
21 0.528 21 0
17 0.416 17 0
17 0.397 17 0
18 0.456 18 0
13 0.418 13 0
14 0.401 14 0
16 0.446 16 0
24 0.569 24 0
28 0.662 28 0
18 0.408 18 0
19 0.466 19 0
27 0.765 27 0
15 0.311 15 0
7 0.224 7 0
22 0.575 22 0
22 0.672 22 0
22 0.526 22 0
21 0.55 21 0
16 0.312 16 0
13 0.303 13 0
23 0.621 23 0
19 0.649 19 0
15 0.528 15 0
18 0.541 18 0
19 0.454 19 0
18 0.509 18 0
21 0.509 21 0
23 0.421 23 0
20 0.556 20 0
24 0.461 24 0
15 0.365 15 0
11 0.239 11 0
18 0.457 18 0
15 0.4 15 0
17 0.484 17 0
21 0.511 21 0
16 0.447 16 0
19 0.555 19 0
26 0.675 26 0
27 0.737 27 0
9 0.248 9 0
9 0.228 9 0
16 0.413 16 0
25 0.775 25 0
12 0.241 12 0
17 0.495 17 0
16 0.428 16 0
14 0.365 14 0
18 0.549 18 0
14 0.55 14 0
17 0.555 17 0
15 0.485 15 0
16 0.421 16 0
15 0.324 15 0
17 0.54 17 0
22 0.64 22 0
21 0.618 21 0
9 0.456 9 0
21 0.454 21 0
12 0.329 12 0
14 0.45 14 0
23 0.794 23 0
23 0.702 23 0
10 0.274 10 0
16 0.382 16 0
24 0.71 24 0
17 0.537 17 0
13 0.365 13 0
17 0.339 17 0
16 0.473 16 0
10 0.256 10 0
14 0.413 14 0
14 0.444 14 0
15 0.51 15 0
17 0.602 17 0
11 0.254 11 0
9 0.175 9 0
19 0.532 19 0
17 0.702 17 0
15 0.503 15 0
15 0.389 15 0
20 0.693 20 0
26 0.806 26 0
14 0.406 14 0
17 0.541 17 0
10 0.253 10 0
20 0.633 20 0
9 0.248 9 0
12 0.323 12 0
13 0.323 13 0
20 0.561 20 0
15 0.683 15 0
14 0.569 14 0
24 0.742 24 0
15 0.429 15 0
15 0.391 15 0
26 0.785 26 0
13 0.453 13 0
19 0.646 19 0
11 0.187 11 0
20 0.557 20 0
15 0.623 15 0
15 0.52 15 0
20 0.595 20 0
13 0.438 13 0
17 0.552 17 0
27 0.811 27 0
16 0.427 16 0
24 0.706 24 0
22 0.521 22 0
23 0.655 23 0
16 0.586 16 0
6 0.18 6 0
12 0.232 12 0
11 0.455 11 0
18 0.598 18 0
10 0.444 10 0
15 0.438 15 0
12 0.474 12 0
16 0.33 16 0
24 0.685 24 0
17 0.592 17 0
14 0.495 14 0
18 0.446 18 0
26 0.898 26 0
11 0.316 11 0
16 0.445 16 0
23 0.773 23 0
23 0.579 23 0
16 0.53 16 0
16 0.55 16 0
18 0.562 18 0
27 0.86 27 0
7 0.143 7 0
17 0.541 17 0
13 0.351 13 0
14 0.539 14 0
20 0.478 20 0
22 0.743 22 0
20 0.566 20 0
17 0.403 17 0
19 0.549 19 0
21 0.597 21 0
17 0.485 17 0
13 0.431 13 0
20 0.437 20 0
11 0.192 11 0
13 0.309 13 0
17 0.483 17 0
21 0.617 21 0
25 0.648 25 0
26 0.842 26 0
20 0.602 20 0
11 0.28 11 0
12 0.363 12 0
16 0.586 16 0
10 0.281 10 0
15 0.409 15 0
23 0.597 23 0
16 0.346 16 0
12 0.348 12 0
15 0.405 15 0
5 0.179 5 0
18 0.595 18 0
7 0.374 7 0
15 0.374 15 0
17 0.557 17 0
12 0.415 12 0
11 0.271 11 0
18 0.495 18 0
22 0.667 22 0
6 0.141 6 0
22 0.694 22 0
22 0.717 22 0
20 0.757 20 0
12 0.188 12 0
15 0.473 15 0
17 0.452 17 0
11 0.347 11 0
18 0.425 18 0
17 0.595 17 0
11 0.365 11 0
20 0.555 20 0
24 0.675 24 0
16 0.547 16 0
13 0.505 13 0
9 0.235 9 0
18 0.61 18 0
14 0.313 14 0
15 0.431 15 0
16 0.408 16 0
14 0.356 14 0
16 0.431 16 0
12 0.317 12 0
12 0.427 12 0
22 0.645 22 0
20 0.348 20 0
20 0.496 20 0
14 0.471 14 0
16 0.322 16 0
12 0.441 12 0
12 0.353 12 0
11 0.301 11 0
16 0.399 16 0
19 0.53 19 0
6 0.226 6 0
17 0.592 17 0
16 0.413 16 0
8 0.198 8 0
18 0.502 18 0
11 0.472 11 0
24 0.63 24 0
21 0.728 21 0
15 0.547 15 0
12 0.452 12 0
14 0.45 14 0
13 0.289 13 0
15 0.503 15 0
17 0.639 17 0
19 0.563 19 0
17 0.545 17 0
10 0.315 10 0
24 0.785 24 0
24 0.636 24 0
20 0.429 20 0
13 0.415 13 0
18 0.587 18 0
8 0.228 8 0
21 0.756 21 0
25 0.759 25 0
7 0.136 7 0
10 0.27 10 0
18 0.436 18 0
16 0.501 16 0
12 0.33 12 0
13 0.346 13 0
16 0.438 16 0
18 0.558 18 0
27 0.824 27 0
12 0.431 12 0
13 0.196 13 0
21 0.553 21 0
10 0.27 10 0
12 0.483 12 0
17 0.642 17 0
24 0.601 24 0
20 0.496 20 0
14 0.388 14 0
16 0.344 16 0
27 0.651 27 0
22 0.533 22 0
14 0.494 14 0
17 0.356 17 0
16 0.375 16 0
16 0.36 16 0
22 0.518 22 0
17 0.328 17 0
20 0.568 20 0
19 0.493 19 0
15 0.357 15 0
25 0.767 25 0
20 0.524 20 0
28 0.779 28 0
23 0.631 23 0
18 0.478 18 0
19 0.573 19 0
14 0.426 14 0
24 0.598 24 0
13 0.265 13 0
17 0.39 17 0
17 0.423 17 0
21 0.657 21 0
23 0.56 23 0
18 0.478 18 0
10 0.183 10 0
27 0.66 27 0
18 0.523 18 0
20 0.506 20 0
20 0.518 20 0
18 0.451 18 0
21 0.494 21 0
21 0.494 21 0
25 0.598 25 0
22 0.664 22 0
25 0.622 25 0
28 0.757 28 0
23 0.588 23 0
31 0.897 31 0
17 0.466 17 0
25 0.569 25 0
18 0.412 18 0
23 0.714 23 0
17 0.306 17 0
12 0.241 12 0
16 0.562 16 0
19 0.427 19 0
27 0.648 27 0
16 0.406 16 0
25 0.711 25 0
25 0.601 25 0
21 0.547 21 0
14 0.419 14 0
26 0.45 26 0
19 0.431 19 0
18 0.505 18 0
15 0.396 15 0
18 0.405 18 0
20 0.543 20 0
15 0.311 15 0
15 0.374 15 0
24 0.624 24 0
14 0.311 14 0
12 0.356 12 0
17 0.377 17 0
23 0.588 23 0
21 0.473 21 0
26 0.58 26 0
19 0.387 19 0
27 0.696 27 0
29 0.703 29 0
22 0.626 22 0
27 0.688 27 0
14 0.362 14 0
16 0.452 16 0
7 0.178 7 0
15 0.286 15 0
27 0.791 27 0
22 0.771 22 0
27 0.715 27 0
19 0.537 19 0
19 0.518 19 0
18 0.522 18 0
14 0.336 14 0
26 0.698 26 0
27 0.724 27 0
20 0.55 20 0
21 0.58 21 0
19 0.496 19 0
25 0.638 25 0
16 0.233 16 0
23 0.5 23 0
17 0.461 17 0
12 0.274 12 0
32 0.863 32 0
27 0.602 27 0
24 0.7 24 0
31 0.814 31 0
12 0.392 12 0
24 0.734 24 0
17 0.567 17 0
24 0.53 24 0
12 0.322 12 0
24 0.598 24 0
15 0.411 15 0
11 0.278 11 0
25 0.569 25 0
30 0.809 30 0
14 0.385 14 0
18 0.404 18 0
24 0.695 24 0
17 0.422 17 0
27 0.663 27 0
23 0.589 23 0
21 0.558 21 0
20 0.541 20 0
17 0.526 17 0
22 0.688 22 0
25 0.691 25 0
14 0.479 14 0
27 0.686 27 0
17 0.438 17 0
14 0.275 14 0
14 0.441 14 0
16 0.466 16 0
18 0.326 18 0
19 0.458 19 0
19 0.462 19 0
31 0.701 31 0
20 0.455 20 0
26 0.627 26 0
24 0.652 24 0
21 0.608 21 0
15 0.362 15 0
25 0.649 25 0
25 0.644 25 0
27 0.657 27 0
16 0.458 16 0
21 0.66 21 0
20 0.567 20 0
17 0.416 17 0
20 0.507 20 0
32 0.86 32 0
16 0.606 16 0
16 0.3 16 0
20 0.378 20 0
22 0.57 22 0
26 0.656 26 0
25 0.595 25 0
19 0.472 19 0
19 0.519 19 0
25 0.723 25 0
14 0.388 14 0
21 0.492 21 0
19 0.491 19 0
16 0.494 16 0
20 0.6 20 0
23 0.625 23 0
22 0.569 22 0
21 0.611 21 0
18 0.378 18 0
15 0.365 15 0
17 0.435 17 0
23 0.653 23 0
20 0.416 20 0
16 0.329 16 0
18 0.393 18 0
19 0.481 19 0
14 0.27 14 0
23 0.699 23 0
24 0.683 24 0
19 0.53 19 0
13 0.483 13 0
21 0.634 21 0
16 0.401 16 0
16 0.267 16 0
20 0.517 20 0
19 0.429 19 0
12 0.428 12 0
20 0.503 20 0
15 0.229 15 0
12 0.268 12 0
18 0.552 18 0
14 0.303 14 0
12 0.367 12 0
21 0.594 21 0
26 0.553 26 0
24 0.69 24 0
22 0.485 22 0
20 0.377 20 0
17 0.331 17 0
20 0.476 20 0
20 0.517 20 0
20 0.503 20 0
14 0.414 14 0
24 0.477 24 0
12 0.265 12 0
17 0.497 17 0
6 0.124 6 0
15 0.522 15 0
13 0.405 13 0
19 0.53 19 0
15 0.618 15 0
19 0.397 19 0
11 0.329 11 0
23 0.764 23 0
15 0.533 15 0
14 0.304 14 0
17 0.487 17 0
20 0.619 20 0
10 0.315 10 0
12 0.534 12 0
21 0.701 21 0
15 0.389 15 0
18 0.628 18 0
24 0.869 24 0
22 0.641 22 0
19 0.782 19 0
19 0.625 19 0
21 0.696 21 0
18 0.518 18 0
16 0.414 16 0
10 0.216 10 0
20 0.504 20 0
16 0.391 16 0
20 0.625 20 0
11 0.39 11 0
7 0.149 7 0
18 0.534 18 0
15 0.415 15 0
13 0.44 13 0
24 0.788 24 0
11 0.325 11 0
17 0.518 17 0
18 0.53 18 0
8 0.322 8 0
14 0.402 14 0
25 0.703 25 0
12 0.307 12 0
16 0.657 16 0
14 0.53 14 0
14 0.374 14 0
19 0.628 19 0
19 0.642 19 0
18 0.662 18 0
15 0.329 15 0
8 0.236 8 0
18 0.538 18 0
19 0.678 19 0
16 0.408 16 0
12 0.355 12 0
13 0.519 13 0
11 0.358 11 0
13 0.555 13 0
23 0.634 23 0
17 0.546 17 0
15 0.486 15 0
13 0.432 13 0
17 0.363 17 0
9 0.444 9 0
17 0.527 17 0
13 0.424 13 0
17 0.454 17 0
16 0.453 16 0
14 0.366 14 0
16 0.431 16 0
24 0.775 24 0
21 0.732 21 0
23 0.68 23 0
15 0.391 15 0
21 0.743 21 0
21 0.662 21 0
19 0.71 19 0
16 0.479 16 0
16 0.533 16 0
9 0.344 9 0
17 0.65 17 0
21 0.515 21 0
19 0.529 19 0
20 0.572 20 0
13 0.321 13 0
15 0.429 15 0
21 0.735 21 0
14 0.4 14 0
23 0.788 23 0
10 0.319 10 0
18 0.753 18 0
24 0.851 24 0
20 0.626 20 0
7 0.105 7 0
10 0.233 10 0
18 0.418 18 0
18 0.644 18 0
16 0.306 16 0
18 0.67 18 0
17 0.418 17 0
11 0.368 11 0
20 0.669 20 0
15 0.49 15 0
15 0.506 15 0
18 0.403 18 0
20 0.74 20 0
11 0.338 11 0
16 0.395 16 0
12 0.305 12 0
14 0.492 14 0
19 0.644 19 0
20 0.638 20 0
13 0.467 13 0
17 0.598 17 0
8 0.282 8 0
17 0.533 17 0
5 0.238 5 0
14 0.465 14 0
11 0.256 11 0
22 0.691 22 0
21 0.577 21 0
16 0.584 16 0
11 0.2 11 0
15 0.526 15 0
8 0.245 8 0
20 0.578 20 0
17 0.496 17 0
18 0.599 18 0
16 0.39 16 0
16 0.488 16 0
24 0.636 24 0
17 0.525 17 0
15 0.572 15 0
17 0.54 17 0
22 0.642 22 0
21 0.603 21 0
16 0.374 16 0
13 0.336 13 0
19 0.605 19 0
13 0.445 13 0
16 0.446 16 0
18 0.516 18 0
12 0.298 12 0
9 0.227 9 0
12 0.49 12 0
22 0.702 22 0
15 0.321 15 0
14 0.472 14 0
19 0.768 19 0
14 0.484 14 0
10 0.277 10 0
18 0.651 18 0
18 0.632 18 0
16 0.45 16 0
11 0.314 11 0
20 0.593 20 0
18 0.514 18 0
21 0.512 21 0
12 0.377 12 0
14 0.594 14 0
18 0.643 18 0
11 0.433 11 0
21 0.463 21 0
12 0.431 12 0
16 0.562 16 0
16 0.385 16 0
11 0.515 11 0
18 0.607 18 0
16 0.404 16 0
18 0.346 18 0
18 0.574 18 0
17 0.546 17 0
17 0.59 17 0
12 0.356 12 0
16 0.43 16 0
18 0.511 18 0
15 0.325 15 0
15 0.37 15 0
26 0.684 26 0
17 0.363 17 0
12 0.451 12 0
7 0.257 7 0
14 0.449 14 0
17 0.497 17 0
18 0.693 18 0
12 0.394 12 0
26 0.81 26 0
23 0.534 23 0
16 0.452 16 0
18 0.748 18 0
20 0.66 20 0
10 0.408 10 0
14 0.42 14 0
17 0.711 17 0
17 0.593 17 0
22 0.651 22 0
15 0.428 15 0
22 0.614 22 0
18 0.621 18 0
12 0.596 12 0
15 0.22 15 0
36 0.635 36 0
41 0.687 41 0
32 0.549 32 0
22 0.441 22 0
29 0.53 29 0
29 0.449 29 0
27 0.532 27 0
40 0.799 40 0
21 0.327 21 0
26 0.346 26 0
29 0.49 29 0
41 0.709 41 0
27 0.488 27 0
32 0.511 32 0
24 0.401 24 0
26 0.483 26 0
33 0.555 33 0
31 0.539 31 0
38 0.691 38 0
41 0.714 41 0
38 0.622 38 0
35 0.404 35 0
24 0.293 24 0
40 0.639 40 0
36 0.605 36 0
31 0.55 31 0
39 0.673 39 0
40 0.656 40 0
34 0.457 34 0
34 0.483 34 0
43 0.717 43 0
34 0.572 34 0
37 0.66 37 0
41 0.677 41 0
30 0.539 30 0
33 0.629 33 0
36 0.573 36 0
35 0.522 35 0
21 0.356 21 0
36 0.589 36 0
34 0.526 34 0
25 0.352 25 0
19 0.347 19 0
38 0.632 38 0
25 0.354 25 0
36 0.671 36 0
41 0.693 41 0
20 0.214 20 0
17 0.407 17 0
32 0.546 32 0
30 0.462 30 0
37 0.609 37 0
25 0.365 25 0
34 0.548 34 0
19 0.319 19 0
24 0.273 24 0
43 0.693 43 0
25 0.503 25 0
39 0.571 39 0
32 0.505 32 0
36 0.431 36 0
34 0.543 34 0
44 0.738 44 0
38 0.647 38 0
22 0.36 22 0
20 0.403 20 0
30 0.421 30 0
33 0.58 33 0
26 0.465 26 0
32 0.541 32 0
27 0.454 27 0
25 0.338 25 0
44 0.722 44 0
32 0.467 32 0
30 0.336 30 0
22 0.352 22 0
49 0.804 49 0
33 0.524 33 0
30 0.434 30 0
19 0.33 19 0
37 0.619 37 0
29 0.552 29 0
43 0.677 43 0
29 0.48 29 0
30 0.407 30 0
22 0.341 22 0
32 0.49 32 0
22 0.347 22 0
21 0.407 21 0
31 0.499 31 0
33 0.432 33 0
23 0.416 23 0
25 0.508 25 0
22 0.433 22 0
36 0.542 36 0
26 0.467 26 0
38 0.66 38 0
23 0.343 23 0
28 0.458 28 0
36 0.559 36 0
34 0.551 34 0
40 0.644 40 0
41 0.577 41 0
28 0.424 28 0
30 0.555 30 0
26 0.465 26 0
43 0.565 43 0
28 0.383 28 0
32 0.574 32 0
43 0.742 43 0
28 0.445 28 0
30 0.435 30 0
45 0.679 45 0
37 0.585 37 0
26 0.292 26 0
24 0.438 24 0
24 0.367 24 0
38 0.674 38 0
33 0.547 33 0
32 0.587 32 0
36 0.544 36 0
36 0.679 36 0
37 0.562 37 0
23 0.345 23 0
22 0.292 22 0
37 0.621 37 0
40 0.614 40 0
32 0.556 32 0
32 0.543 32 0
26 0.325 26 0
32 0.492 32 0
42 0.634 42 0
33 0.523 33 0
30 0.436 30 0
42 0.746 42 0
28 0.381 28 0
37 0.7 37 0
22 0.281 22 0
33 0.481 33 0
23 0.309 23 0
30 0.43 30 0
45 0.721 45 0
23 0.434 23 0
38 0.677 38 0
31 0.525 31 0
21 0.435 21 0
33 0.561 33 0
25 0.402 25 0
40 0.759 40 0
32 0.502 32 0
33 0.562 33 0
28 0.515 28 0
25 0.322 25 0
24 0.316 24 0
28 0.428 28 0
35 0.605 35 0
21 0.271 21 0
27 0.489 27 0
39 0.72 39 0
36 0.699 36 0
26 0.377 26 0
28 0.5 28 0
32 0.568 32 0
26 0.53 26 0
24 0.462 24 0
24 0.453 24 0
30 0.539 30 0
36 0.464 36 0
25 0.476 25 0
41 0.628 41 0
35 0.615 35 0
26 0.513 26 0
38 0.668 38 0
24 0.364 24 0
29 0.581 29 0
45 0.746 45 0
25 0.488 25 0
25 0.368 25 0
28 0.551 28 0
39 0.694 39 0
36 0.624 36 0
40 0.652 40 0
30 0.45 30 0
27 0.448 27 0
36 0.564 36 0
24 0.227 24 0
28 0.493 28 0
29 0.566 29 0
29 0.461 29 0
33 0.52 33 0
29 0.518 29 0
22 0.251 22 0
28 0.519 28 0
30 0.515 30 0
18 0.336 18 0
44 0.635 44 0
20 0.24 20 0
24 0.379 24 0
24 0.395 24 0
20 0.361 20 0
31 0.602 31 0
23 0.449 23 0
27 0.546 27 0
29 0.425 29 0
31 0.638 31 0
23 0.325 23 0
25 0.311 25 0
22 0.488 22 0
31 0.702 31 0
22 0.372 22 0
29 0.492 29 0
24 0.326 24 0
20 0.313 20 0
23 0.456 23 0
25 0.471 25 0
22 0.526 22 0
23 0.445 23 0
28 0.582 28 0
21 0.518 21 0
23 0.528 23 0
33 0.578 33 0
23 0.433 23 0
25 0.378 25 0
30 0.615 30 0
26 0.508 26 0
27 0.508 27 0
29 0.641 29 0
25 0.378 25 0
17 0.282 17 0
24 0.45 24 0
36 0.69 36 0
25 0.43 25 0
14 0.325 14 0
21 0.379 21 0
29 0.491 29 0
22 0.372 22 0
23 0.46 23 0
17 0.338 17 0
13 0.277 13 0
25 0.521 25 0
20 0.427 20 0
34 0.501 34 0
37 0.626 37 0
21 0.488 21 0
32 0.581 32 0
25 0.39 25 0
22 0.461 22 0
39 0.795 39 0
25 0.506 25 0
34 0.632 34 0
26 0.524 26 0
28 0.548 28 0
27 0.46 27 0
34 0.768 34 0
29 0.596 29 0
22 0.447 22 0
38 0.829 38 0
25 0.51 25 0
23 0.5 23 0
29 0.538 29 0
21 0.345 21 0
30 0.523 30 0
21 0.28 21 0
29 0.591 29 0
19 0.322 19 0
24 0.339 24 0
20 0.437 20 0
20 0.388 20 0
20 0.48 20 0
29 0.452 29 0
19 0.348 19 0
17 0.182 17 0
32 0.605 32 0
30 0.605 30 0
29 0.468 29 0
31 0.595 31 0
22 0.42 22 0
20 0.4 20 0
27 0.588 27 0
35 0.618 35 0
22 0.31 22 0
27 0.46 27 0
28 0.632 28 0
33 0.655 33 0
31 0.462 31 0
27 0.616 27 0
29 0.498 29 0
26 0.425 26 0
29 0.654 29 0
35 0.755 35 0
17 0.379 17 0
30 0.507 30 0
30 0.544 30 0
26 0.48 26 0
21 0.487 21 0
31 0.673 31 0
23 0.412 23 0
26 0.465 26 0
28 0.533 28 0
26 0.507 26 0
19 0.281 19 0
26 0.52 26 0
28 0.513 28 0
19 0.446 19 0
19 0.41 19 0
35 0.653 35 0
33 0.558 33 0
34 0.61 34 0
31 0.581 31 0
27 0.431 27 0
31 0.482 31 0
20 0.364 20 0
33 0.637 33 0
27 0.509 27 0
27 0.501 27 0
35 0.727 35 0
27 0.5 27 0
15 0.264 15 0
28 0.583 28 0
32 0.56 32 0
21 0.296 21 0
22 0.395 22 0
28 0.517 28 0
26 0.398 26 0
24 0.382 24 0
23 0.382 23 0
22 0.416 22 0
25 0.362 25 0
20 0.325 20 0
30 0.561 30 0
38 0.773 38 0
22 0.384 22 0
29 0.546 29 0
26 0.536 26 0
35 0.712 35 0
22 0.45 22 0
33 0.66 33 0
28 0.528 28 0
28 0.488 28 0
31 0.684 31 0
21 0.316 21 0
29 0.498 29 0
29 0.628 29 0
27 0.549 27 0
26 0.528 26 0
24 0.447 24 0
32 0.527 32 0
30 0.546 30 0
23 0.483 23 0
18 0.272 18 0
18 0.204 18 0
25 0.591 25 0
24 0.448 24 0
38 0.782 38 0
29 0.525 29 0
34 0.496 34 0
24 0.425 24 0
28 0.558 28 0
26 0.512 26 0
21 0.388 21 0
25 0.365 25 0
22 0.375 22 0
19 0.361 19 0
28 0.54 28 0
29 0.49 29 0
24 0.565 24 0
28 0.561 28 0
26 0.484 26 0
29 0.504 29 0
20 0.412 20 0
17 0.293 17 0
27 0.438 27 0
24 0.484 24 0
24 0.403 24 0
26 0.478 26 0
25 0.546 25 0
18 0.265 18 0
32 0.605 32 0
32 0.636 32 0
22 0.526 22 0
22 0.55 22 0
30 0.522 30 0
26 0.511 26 0
26 0.427 26 0
28 0.459 28 0
23 0.433 23 0
30 0.613 30 0
26 0.409 26 0
27 0.449 27 0
21 0.283 21 0
28 0.542 28 0
19 0.407 19 0
22 0.41 22 0
26 0.536 26 0
18 0.263 18 0
25 0.482 25 0
28 0.51 28 0
21 0.322 21 0
28 0.413 28 0
33 0.751 33 0
37 0.815 37 0
23 0.51 23 0
28 0.568 28 0
27 0.545 27 0
30 0.565 30 0
25 0.368 25 0
29 0.552 29 0
28 0.366 28 0
15 0.23 15 0
15 0.272 15 0
22 0.454 22 0
21 0.462 21 0
30 0.637 30 0
20 0.339 20 0
36 0.612 36 0
29 0.562 29 0
20 0.463 20 0
27 0.54 27 0
18 0.297 18 0
22 0.495 22 0
30 0.639 30 0
27 0.486 27 0
18 0.442 18 0
26 0.619 26 0
26 0.526 26 0
31 0.705 31 0
29 0.675 29 0
35 0.745 35 0
20 0.409 20 0
13 0.337 13 0
24 0.517 24 0
27 0.483 27 0
32 0.747 32 0
22 0.518 22 0
21 0.415 21 0
31 0.61 31 0
31 0.628 31 0
34 0.686 34 0
28 0.465 28 0
29 0.526 29 0
29 0.575 29 0
34 0.581 34 0
27 0.624 27 0
27 0.616 27 0
28 0.624 28 0
31 0.669 31 0
12 0.246 12 0
15 0.298 15 0
22 0.394 22 0
27 0.431 27 0
28 0.549 28 0
29 0.61 29 0
18 0.335 18 0
13 0.336 13 0
24 0.559 24 0
20 0.286 20 0
20 0.454 20 0
19 0.346 19 0
35 0.647 35 0
23 0.601 23 0
15 0.289 15 0
35 0.713 35 0
36 0.785 36 0
19 0.413 19 0
16 0.185 16 0
17 0.306 17 0
27 0.598 27 0
18 0.352 18 0
25 0.621 25 0
35 0.716 35 0
29 0.61 29 0
30 0.584 30 0
29 0.55 29 0
16 0.328 16 0
25 0.48 25 0
35 0.748 35 0
38 0.78 38 0
22 0.378 22 0
32 0.694 32 0
26 0.635 26 0
35 0.707 35 0
32 0.654 32 0
31 0.654 31 0
23 0.555 23 0
22 0.443 22 0
31 0.729 31 0
18 0.444 18 0
27 0.581 27 0
18 0.411 18 0
24 0.551 24 0
30 0.652 30 0
28 0.597 28 0
30 0.773 30 0
25 0.507 25 0
31 0.592 31 0
25 0.595 25 0
19 0.336 19 0
18 0.341 18 0
19 0.386 19 0
25 0.509 25 0
24 0.521 24 0
26 0.517 26 0
35 0.808 35 0
20 0.419 20 0
18 0.276 18 0
29 0.577 29 0
30 0.624 30 0
16 0.215 16 0
22 0.368 22 0
27 0.493 27 0
22 0.514 22 0
30 0.753 30 0
23 0.53 23 0
29 0.56 29 0
23 0.44 23 0
31 0.73 31 0
26 0.386 26 0
29 0.517 29 0
31 0.676 31 0
35 0.633 35 0
31 0.546 31 0
24 0.406 24 0
32 0.663 32 0
22 0.394 22 0
28 0.416 28 0
27 0.571 27 0
27 0.478 27 0
36 0.793 36 0
27 0.432 27 0
32 0.6 32 0
24 0.473 24 0
21 0.308 21 0
22 0.499 22 0
29 0.57 29 0
25 0.506 25 0
21 0.506 21 0
23 0.497 23 0
24 0.442 24 0
27 0.475 27 0
25 0.432 25 0
12 0.17 12 0
30 0.457 30 0
30 0.592 30 0
33 0.691 33 0
23 0.461 23 0
30 0.626 30 0
19 0.405 19 0
27 0.503 27 0
27 0.526 27 0
20 0.437 20 0
18 0.347 18 0
26 0.567 26 0
23 0.396 23 0
36 0.592 36 0
16 0.387 16 0
22 0.602 22 0
20 0.384 20 0
30 0.69 30 0
28 0.533 28 0
21 0.396 21 0
25 0.474 25 0
34 0.807 34 0
28 0.5 28 0
31 0.58 31 0
18 0.481 18 0
21 0.383 21 0
20 0.263 20 0
32 0.695 32 0
13 0.183 13 0
20 0.441 20 0
31 0.545 31 0
25 0.523 25 0
23 0.581 23 0
24 0.544 24 0
23 0.558 23 0
33 0.713 33 0
31 0.569 31 0
34 0.683 34 0
24 0.617 24 0
29 0.636 29 0
29 0.536 29 0
27 0.582 27 0
18 0.417 18 0
25 0.556 25 0
23 0.405 23 0
28 0.51 28 0
23 0.607 23 0
19 0.463 19 0
22 0.473 22 0
30 0.655 30 0
19 0.287 19 0
25 0.491 25 0
15 0.302 15 0
20 0.338 20 0
22 0.419 22 0
31 0.673 31 0
23 0.507 23 0
22 0.465 22 0
19 0.271 19 0
